epoch,baseline_loss,disparity_loss,fx_loss,fy_loss,loss,pitch_loss,u0_loss,v0_loss,val_baseline_loss,val_disparity_loss,val_fx_loss,val_fy_loss,val_loss,val_pitch_loss,val_u0_loss,val_v0_loss,val_xWorld_loss,val_x_loss,val_yWorld_loss,val_y_loss,val_zWorld_loss,val_z_loss,xWorld_loss,x_loss,yWorld_loss,y_loss,zWorld_loss,z_loss
0,15.220819473266602,4.582779407501221,22.51206398010254,22.537111282348633,9339.172149192076,0.15086641907691956,3.2988052368164062,3.557224988937378,14.76623821258545,4.574426651000977,40.75400161743164,40.58670425415039,10594.10368411786,0.09504467248916626,1.8192870616912842,0.7808900475502014,4042.634521484375,21.239517211914062,3164.124755859375,12.920040130615234,3230.32373046875,12.684616088867188,3486.269287109375,20.42304229736328,2830.582275390625,13.019585609436035,2901.743408203125,12.791184425354004
1,14.661179542541504,4.502124786376953,14.242342948913574,14.276464462280273,9275.07036290747,0.0880354642868042,1.0627776384353638,1.1205565929412842,14.372825622558594,4.54893159866333,15.460113525390625,15.306878089904785,10449.626941864846,0.0870484933257103,2.8809711933135986,3.9486801624298096,3973.595947265625,20.394264221191406,3154.249267578125,12.577987670898438,3216.752197265625,12.542720794677734,3462.34814453125,20.1994686126709,2821.707763671875,12.690909385681152,2891.853515625,12.59949016571045
2,14.633792877197266,4.435177326202393,12.917771339416504,12.933236122131348,9263.46817722372,0.08669672161340714,0.8964144587516785,0.8407054543495178,45.382057189941406,4.546302795410156,50.082183837890625,50.65937042236328,11419.385627743382,0.10379775613546371,27.117055892944336,22.25432586669922,4270.48779296875,38.70153045654297,3388.511474609375,36.74411392211914,3457.099609375,23.48989486694336,3462.850830078125,20.1449031829834,2822.008056640625,12.656442642211914,2891.76416015625,12.578956604003906
3,14.556166648864746,4.412062168121338,12.770288467407227,12.773538589477539,9254.365218493795,0.08702728897333145,0.7565460205078125,0.6440573930740356,14.27863883972168,4.465270042419434,42.11956024169922,41.407310485839844,10615.984586076716,0.08780878782272339,3.5411648750305176,2.3787779808044434,4076.42724609375,20.015459060668945,3159.365478515625,12.593999862670898,3223.419921875,12.519298553466797,3455.69580078125,20.11168098449707,2817.091552734375,12.661026000976562,2886.6884765625,12.566344261169434
4,14.578354835510254,4.373752117156982,12.023172378540039,12.021718978881836,9246.135905956944,0.0870949849486351,0.8810431957244873,0.8240546584129333,72.00602722167969,7.139657497406006,107.01824188232422,108.98389434814453,12088.694905496593,0.09157754480838776,72.98931884765625,63.69255065917969,4452.47802734375,50.34392166137695,3487.8212890625,49.442142486572266,3572.05810546875,35.933223724365234,3452.392333984375,20.121551513671875,2814.87060546875,12.65969181060791,2884.42138671875,12.557995796203613
5,14.548980712890625,4.300375461578369,12.592756271362305,12.570520401000977,9236.992352015246,0.08707056194543839,0.6245391964912415,0.5377352833747864,72.14405822753906,11.847744941711426,31.09510040283203,35.887786865234375,12155.104061025944,0.1789659708738327,60.04045486450195,22.874839782714844,4506.6796875,54.66221237182617,3583.0947265625,53.672489166259766,3663.2021484375,47.8622932434082,3450.9033203125,20.106504440307617,2813.2900390625,12.635899543762207,2883.113525390625,12.553181648254395
6,14.536852836608887,4.2068047523498535,13.320201873779297,13.302517890930176,9215.646191274638,0.08703452348709106,0.5867258906364441,0.5699869394302368,23.175281524658203,4.806202411651611,19.570146560668945,20.382070541381836,10667.767184224318,0.1304723024368286,9.315949440002441,8.92811107635498,4032.8671875,24.411008834838867,3197.130126953125,17.498632431030273,3284.3251953125,15.9590482711792,3442.10693359375,20.105667114257812,2804.26806640625,12.632301330566406,2873.181396484375,12.548233032226562
7,14.550700187683105,4.127371311187744,11.777822494506836,11.767065048217773,9195.0991331582,0.08704491704702377,0.5553343892097473,0.5144874453544617,128.22207641601562,10.901013374328613,123.62326049804688,132.6949920654297,13666.566117990042,0.08788170665502548,101.4817886352539,98.6164779663086,4854.12060546875,80.50135803222656,3975.89453125,86.02057647705078,4005.29638671875,57.380096435546875,3435.20068359375,20.109472274780273,2799.47216796875,12.627625465393066,2867.965576171875,12.54216194152832
8,14.502888679504395,4.0410614013671875,11.513784408569336,11.497891426086426,9171.262911682952,0.08699202537536621,0.45578625798225403,0.41339734196662903,14.644323348999023,4.208651065826416,21.006786346435547,20.793243408203125,10394.385775558503,0.09642279148101807,0.6057705283164978,0.6679639220237732,3952.454833984375,20.3836612701416,3135.37646484375,12.58370590209961,3196.474365234375,12.569281578063965,3427.247802734375,20.09792709350586,2792.782470703125,12.59616470336914,2861.133544921875,12.539556503295898
9,14.503289222717285,3.9846622943878174,10.989508628845215,10.953131675720215,9155.287769805003,0.08701717108488083,0.5674045085906982,0.5263893008232117,14.323911666870117,3.9196016788482666,17.37049102783203,16.912019729614258,10332.65351234932,0.08770015835762024,0.6586858630180359,1.5453516244888306,3925.940185546875,20.085039138793945,3119.968994140625,12.519330024719238,3178.602294921875,12.519022941589355,3423.332275390625,20.081195831298828,2787.74658203125,12.59880542755127,2854.48291015625,12.53110408782959
10,14.573219299316406,3.8447391986846924,10.943915367126465,10.895198822021484,9103.60499485835,0.08699212968349457,1.193930745124817,1.2119828462600708,14.483739852905273,3.9859886169433594,11.660045623779297,11.54376220703125,10285.053548996004,0.08770202100276947,2.0688655376434326,1.6672005653381348,3911.07421875,20.23762321472168,3108.853759765625,12.570215225219727,3164.33056640625,12.517448425292969,3404.177734375,20.089357376098633,2772.94482421875,12.635846138000488,2837.38134765625,12.542359352111816
11,14.551898002624512,3.6937150955200195,10.769726753234863,10.732977867126465,9048.497003892211,0.08697939664125443,0.9184181690216064,0.9364060163497925,14.313471794128418,4.093847274780273,19.09371566772461,19.701200485229492,10351.339835356066,0.08780693262815475,1.2518357038497925,0.8450368046760559,3930.354736328125,20.03182601928711,3122.3916015625,12.516767501831055,3183.234375,12.526383399963379,3415.829345703125,20.096643447875977,2783.61962890625,12.594021797180176,2842.092529296875,12.533110618591309
12,14.550310134887695,3.6334681510925293,10.690278053283691,10.605186462402344,9026.886741694392,0.08698897063732147,0.7783874273300171,0.81309974193573,14.33788776397705,3.702146053314209,22.098867416381836,22.629077911376953,10287.482887175298,0.08770153671503067,0.5145822167396545,0.7210820913314819,3910.002197265625,20.359071731567383,3102.474365234375,12.800080299377441,3154.49853515625,12.501726150512695,3375.534912109375,20.08209800720215,2750.26708984375,12.599701881408691,2810.41943359375,12.535911560058594
13,14.520340919494629,3.529489040374756,10.175583839416504,10.128497123718262,8999.383471964848,0.08697833865880966,0.6800330877304077,0.7377745509147644,14.463201522827148,3.93692946434021,13.176268577575684,12.824889183044434,10238.334501113732,0.08766227215528488,1.6956931352615356,2.1059162616729736,3909.427978515625,20.064327239990234,3099.993408203125,12.84692668914795,3152.821533203125,12.5364351272583,3372.63134765625,20.090333938598633,2746.503662109375,12.606225967407227,2805.927001953125,12.54043197631836
14,14.519908905029297,3.5002589225769043,10.244983673095703,10.157405853271484,8981.701870297058,0.08697967231273651,0.6972639560699463,0.7165133357048035,14.314981460571289,3.5804646015167236,16.081924438476562,15.873101234436035,10231.54579996233,0.08774865418672562,1.5739105939865112,0.9293461441993713,3894.6318359375,20.162235260009766,3086.13134765625,12.632637023925781,3143.27978515625,12.645936012268066,3359.31396484375,20.095457077026367,2737.25244140625,12.58146858215332,2796.4375,12.533819198608398
15,14.537113189697266,3.4188292026519775,10.226576805114746,10.203245162963867,8958.87901167137,0.08699195086956024,0.6771606206893921,0.7057074308395386,14.408477783203125,3.6368701457977295,16.480365753173828,16.191614151000977,10242.719603468537,0.08784522861242294,2.1393826007843018,1.6030261516571045,3915.46533203125,20.12702178955078,3083.512939453125,12.596893310546875,3133.039794921875,12.523655891418457,3351.2578125,20.08668327331543,2730.067626953125,12.59040641784668,2788.658935546875,12.538296699523926
16,14.518653869628906,3.3796372413635254,9.940189361572266,9.888035774230957,8946.575065981582,0.08700187504291534,0.7029345631599426,0.7288324236869812,15.322272300720215,4.605345249176025,24.78803253173828,24.877994537353516,10586.309266953698,0.08783478289842606,2.339017868041992,2.6570937633514404,4026.78857421875,20.48343276977539,3184.239501953125,12.59164047241211,3243.930419921875,12.505664825439453,3347.456298828125,20.07462501525879,2727.102294921875,12.599591255187988,2786.02587890625,12.533437728881836
17,14.516190528869629,3.3105623722076416,10.023399353027344,9.972058296203613,8931.137373652291,0.08697111159563065,0.7180564999580383,0.761110782623291,14.35002326965332,3.5452678203582764,11.707916259765625,11.935773849487305,10171.713201200537,0.08780059218406677,0.6786520481109619,0.5762549638748169,3875.255859375,20.02339744567871,3075.508544921875,12.539107322692871,3130.77001953125,12.526796340942383,3342.08251953125,20.074934005737305,2721.94775390625,12.590332984924316,2780.453369140625,12.51132583618164
18,14.508914947509766,3.286259412765503,10.006197929382324,9.986311912536621,8919.59522260887,0.08698228001594543,0.6146848797798157,0.6229091882705688,14.521580696105957,3.42683744430542,16.138540267944336,15.39601993560791,10166.044932213868,0.08775988966226578,1.6205254793167114,1.523101806640625,3872.492431640625,20.0839786529541,3067.52978515625,12.545275688171387,3119.5400390625,12.474151611328125,3337.3994140625,20.085905075073242,2717.940673828125,12.592013359069824,2776.284423828125,12.514091491699219
19,14.500757217407227,3.2497801780700684,9.702521324157715,9.693285942077637,8898.641395721024,0.08705054968595505,0.6010788679122925,0.6094593405723572,14.598356246948242,3.7307627201080322,12.903143882751465,13.283761978149414,10259.768654698146,0.08774507790803909,1.7322897911071777,1.9307554960250854,3907.5595703125,20.08016014099121,3098.806640625,12.556328773498535,3150.132080078125,12.485158920288086,3330.078369140625,20.065410614013672,2712.194580078125,12.581101417541504,2770.919921875,12.518919944763184
20,14.493274688720703,3.2468886375427246,9.68466567993164,9.665242195129395,8897.43751974183,0.08696028590202332,0.6053770780563354,0.6259328722953796,14.5862398147583,3.31827712059021,18.665632247924805,18.376651763916016,10147.359026344668,0.08771470934152603,0.5366457104682922,0.49543824791908264,3867.2353515625,20.05799674987793,3059.55126953125,12.559112548828125,3109.2568359375,12.538595199584961,3328.324462890625,20.074594497680664,2711.869140625,12.567124366760254,2770.17041015625,12.520535469055176
21,14.504027366638184,3.2109146118164062,9.551166534423828,9.533231735229492,8868.633613667313,0.08700061589479446,0.6295284628868103,0.6519726514816284,14.450462341308594,3.510115623474121,19.02712059020996,19.592802047729492,10162.587173864977,0.08766777813434601,0.7488300800323486,0.5484599471092224,3866.704833984375,20.031978607177734,3066.823486328125,12.559762001037598,3117.217041015625,12.552375793457031,3318.61572265625,20.080095291137695,2704.133056640625,12.563386917114258,2761.8740234375,12.508904457092285
22,14.492499351501465,3.1922948360443115,9.670774459838867,9.642706871032715,8861.518108785378,0.08699440956115723,0.6844627857208252,0.7148256897926331,14.464158058166504,3.4185166358947754,11.763837814331055,11.65400505065918,10180.524038178066,0.08765941113233566,1.2200541496276855,1.1823208332061768,3879.131103515625,20.065940856933594,3076.57080078125,12.517595291137695,3127.7880859375,12.510963439941406,3315.283447265625,20.080154418945312,2701.91162109375,12.588287353515625,2760.260009765625,12.503832817077637
23,14.473217964172363,3.172307252883911,9.55887222290039,9.549272537231445,8849.284177998477,0.08700832724571228,0.6194042563438416,0.6466606259346008,14.372538566589355,3.1644437313079834,10.839949607849121,11.261178016662598,10112.941052885875,0.08764263987541199,0.45389723777770996,0.45354801416397095,3862.855224609375,20.04868507385254,3053.3369140625,12.54061508178711,3104.694091796875,12.55103874206543,3310.15478515625,20.074491500854492,2697.27685546875,12.565033912658691,2754.8759765625,12.498931884765625
24,14.471256256103516,3.1367456912994385,9.624552726745605,9.612839698791504,8837.925565318255,0.08697807043790817,0.5895200967788696,0.6004038453102112,14.366446495056152,3.242358684539795,14.478360176086426,14.114175796508789,10122.818424274437,0.08768711984157562,0.9052187204360962,0.4720955789089203,3858.71240234375,20.063201904296875,3056.63818359375,12.531984329223633,3107.27392578125,12.482048034667969,3306.185302734375,20.04654312133789,2695.090576171875,12.577323913574219,2752.1982421875,12.503344535827637
25,14.468993186950684,3.1235408782958984,9.51145076751709,9.521905899047852,8823.539663309679,0.08700848370790482,0.5951355695724487,0.6045666933059692,14.507359504699707,3.701315402984619,14.273691177368164,14.193485260009766,10189.84257873919,0.08773736655712128,0.3210503160953522,0.40033796429634094,3868.8681640625,20.10519790649414,3086.71923828125,12.551506996154785,3135.30078125,12.543634414672852,3300.193359375,20.059274673461914,2689.806640625,12.558874130249023,2746.90771484375,12.502967834472656
26,14.470322608947754,3.115299940109253,9.550673484802246,9.538217544555664,8821.566935769739,0.08698733150959015,0.5282453894615173,0.5357937812805176,14.3928804397583,3.169177532196045,10.904871940612793,10.950496673583984,10089.69829337002,0.08767931908369064,0.4978897273540497,0.5225704312324524,3842.619873046875,20.0584774017334,3057.0439453125,12.539051055908203,3108.43896484375,12.481855392456055,3300.380126953125,20.05626106262207,2689.3125,12.556264877319336,2746.74951171875,12.490694999694824
27,14.481097221374512,3.103159189224243,9.428473472595215,9.419554710388184,8803.869857933409,0.08698248863220215,0.5372166037559509,0.5479201674461365,14.408395767211914,3.1815309524536133,10.263887405395508,10.0399751663208,10102.796439436746,0.0877324715256691,0.6613736152648926,0.910118818283081,3847.3056640625,20.055864334106445,3055.80810546875,12.535395622253418,3104.973876953125,12.479329109191895,3291.651611328125,20.063478469848633,2684.08935546875,12.559025764465332,2741.59814453125,12.492685317993164
28,14.484628677368164,3.0796315670013428,9.369149208068848,9.378997802734375,8780.359671741633,0.08698568493127823,0.5433149337768555,0.5570454597473145,14.334211349487305,3.572521686553955,30.35584831237793,31.011058807373047,10339.094591440644,0.08768913894891739,3.195770025253296,3.148425817489624,3927.109619140625,20.038681030273438,3113.872314453125,12.524178504943848,3157.354248046875,12.52721118927002,3284.07177734375,20.054147720336914,2676.897216796875,12.570051193237305,2733.822265625,12.489867210388184
29,14.461074829101562,3.0617361068725586,9.36191177368164,9.370044708251953,8774.397580967823,0.08697696775197983,0.5689195990562439,0.5999260544776917,14.576260566711426,3.2554337978363037,12.025703430175781,12.42119026184082,10111.269591031185,0.0877046063542366,1.439368486404419,1.1659420728683472,3855.15625,20.062639236450195,3057.1787109375,12.690146446228027,3104.116943359375,12.568144798278809,3282.93603515625,20.052453994750977,2675.19482421875,12.539155006408691,2732.005126953125,12.489163398742676
30,14.45637035369873,3.0359513759613037,9.333614349365234,9.346336364746094,8755.844465575514,0.08698174357414246,0.5312713384628296,0.5343367457389832,14.31374454498291,3.091174602508545,9.285046577453613,9.15743637084961,10087.67868882665,0.08767925202846527,1.1651099920272827,0.8161291480064392,3844.001220703125,20.055482864379883,3052.340087890625,12.515848159790039,3104.4169921875,12.47358512878418,3274.862060546875,20.045438766479492,2669.766845703125,12.548229217529297,2726.23095703125,12.483162879943848
31,14.470488548278809,3.025439739227295,9.426873207092285,9.46496295928955,8747.680096901673,0.08698207139968872,0.5226708054542542,0.559398353099823,14.33130168914795,3.195526361465454,21.500560760498047,21.275371551513672,10214.277006354821,0.0876583606004715,0.6978417038917542,0.40244579315185547,3933.716552734375,20.051647186279297,3096.631103515625,12.552536964416504,3146.143798828125,12.495607376098633,3270.775390625,20.05206871032715,2666.976318359375,12.55603313446045,2723.629638671875,12.485292434692383
32,14.451960563659668,3.0154926776885986,9.442091941833496,9.463781356811523,8727.765089162876,0.08697246015071869,0.5687073469161987,0.5834319591522217,14.351411819458008,3.1266825199127197,23.695512771606445,24.13089370727539,10150.162945185568,0.0878119245171547,0.8610389232635498,1.1686649322509766,3878.662109375,20.115631103515625,3050.416748046875,12.648201942443848,3098.80517578125,12.563920974731445,3267.865966796875,20.028139114379883,2663.235107421875,12.55713176727295,2719.7041015625,12.496421813964844
33,14.457627296447754,3.0049726963043213,9.17725658416748,9.21043872833252,8714.07136636273,0.08698327839374542,0.5418297052383423,0.5579615831375122,14.349915504455566,3.1437950134277344,12.523947715759277,12.697216033935547,10123.74394633615,0.0877259373664856,1.6009515523910522,1.7335290908813477,3856.510009765625,20.05598258972168,3059.685302734375,12.544604301452637,3109.901611328125,12.490310668945312,3259.196533203125,20.04168128967285,2656.613525390625,12.549718856811523,2712.998779296875,12.485967636108398
34,14.443203926086426,2.9883832931518555,9.290761947631836,9.291510581970215,8692.444354758045,0.08699741214513779,0.5064429640769958,0.5210394263267517,14.441417694091797,3.121554136276245,21.687368392944336,21.635427474975586,10160.875833558537,0.08768117427825928,0.2730259597301483,0.4140762388706207,3879.7294921875,20.045534133911133,3057.20068359375,12.507548332214355,3109.112060546875,12.494022369384766,3250.797119140625,20.02754783630371,2650.02880859375,12.54523754119873,2706.049560546875,12.490857124328613
35,14.433502197265625,2.9829111099243164,9.317998886108398,9.356685638427734,8667.48396700219,0.08698545396327972,0.490352988243103,0.5125738978385925,14.637720108032227,3.1118686199188232,19.512310028076172,18.560495376586914,10116.423396758713,0.08778603374958038,1.5072944164276123,1.6380306482315063,3856.034423828125,20.088632583618164,3051.250732421875,12.659004211425781,3101.612548828125,12.46078109741211,3240.80810546875,20.03343963623047,2642.68115234375,12.548640251159668,2698.35791015625,12.477745056152344
36,14.42714786529541,2.9863452911376953,9.403188705444336,9.43209171295166,8656.402064688273,0.0869889035820961,0.5319429039955139,0.5304824709892273,14.31445026397705,3.0917587280273438,9.801944732666016,9.824361801147461,10107.813845486111,0.08769944310188293,0.6296840310096741,0.6461759805679321,3850.25927734375,20.077510833740234,3060.827392578125,12.531112670898438,3110.117431640625,12.474146842956543,3238.338623046875,20.015771865844727,2639.942626953125,12.540303230285645,2695.282958984375,12.480119705200195
37,14.416057586669922,2.9645743370056152,9.230820655822754,9.248819351196289,8627.415795635214,0.08698338270187378,0.5200915932655334,0.5352976322174072,14.396515846252441,3.1271722316741943,20.0926570892334,19.68560028076172,10157.884319518147,0.08777609467506409,0.49234679341316223,0.5608251094818115,3871.19921875,20.09680938720703,3062.35595703125,12.556135177612305,3112.49365234375,12.473925590515137,3225.88427734375,20.007225036621094,2629.941162109375,12.545269966125488,2685.844970703125,12.488908767700195
38,14.444443702697754,2.9667649269104004,9.21103572845459,9.226141929626465,8609.704742777123,0.08697380125522614,0.5006617307662964,0.5197525024414062,14.450931549072266,3.1513783931732178,27.023521423339844,27.15395164489746,10243.715282384204,0.08773043006658554,1.2944726943969727,1.5568749904632568,3896.783935546875,20.076616287231445,3084.5859375,12.636980056762695,3132.291259765625,12.473377227783203,3221.343505859375,20.026622772216797,2625.050537109375,12.527078628540039,2680.893310546875,12.485230445861816
39,14.433221817016602,2.9378726482391357,9.309526443481445,9.338418006896973,8579.212190535854,0.08697522431612015,0.5400252938270569,0.5518739819526672,14.534220695495605,3.204845666885376,18.39467430114746,18.74590301513672,10185.07278031643,0.08765939623117447,0.6329010128974915,0.7587917447090149,3887.046875,20.076871871948242,3067.861083984375,12.608336448669434,3118.360107421875,12.482816696166992,3208.764404296875,20.013469696044922,2615.410888671875,12.545228958129883,2671.014892578125,12.4908447265625
40,14.42524528503418,2.921140193939209,9.251030921936035,9.27601432800293,8546.38477163529,0.08698920905590057,0.4867798388004303,0.4937581419944763,14.452290534973145,3.1098363399505615,10.727923393249512,10.967452049255371,10134.677537322294,0.08771447837352753,1.6879734992980957,1.7131459712982178,3857.005859375,20.107635498046875,3065.961181640625,12.579846382141113,3114.190673828125,12.512313842773438,3194.33447265625,20.004837036132812,2605.374755859375,12.532666206359863,2661.379638671875,12.47519302368164
41,14.398277282714844,2.908071994781494,9.179502487182617,9.207508087158203,8519.716659252514,0.08697564899921417,0.5133759379386902,0.5176429152488708,14.50422477722168,3.0933685302734375,10.70856761932373,10.691076278686523,10189.869510572262,0.08767326921224594,0.6581742167472839,0.5863662362098694,3878.9091796875,20.13508415222168,3083.05615234375,12.580852508544922,3132.50341796875,12.490665435791016,3184.740234375,19.994768142700195,2597.234619140625,12.517667770385742,2652.822021484375,12.455657958984375
42,14.397778511047363,2.9159555435180664,9.199788093566895,9.234280586242676,8491.88518020342,0.08698947727680206,0.49623236060142517,0.5080009698867798,14.473264694213867,3.0910117626190186,12.922927856445312,14.626324653625488,10193.33313832793,0.08770212531089783,1.2197372913360596,1.3767863512039185,3893.386962890625,20.131229400634766,3073.150146484375,12.963658332824707,3125.480224609375,12.548234939575195,3174.5732421875,19.9953556060791,2589.227294921875,12.525774955749512,2644.78955078125,12.449335098266602
43,14.365032196044922,2.8897602558135986,9.406567573547363,9.437458038330078,8453.418730784619,0.08701226115226746,0.5122994780540466,0.5156214237213135,14.509726524353027,3.0446910858154297,11.21937084197998,11.691943168640137,10188.305602234015,0.08771587908267975,0.4699801206588745,0.4207744300365448,3882.662841796875,20.124048233032227,3082.321533203125,12.557679176330566,3131.60302734375,12.555107116699219,3160.383544921875,19.977052688598633,2576.275634765625,12.521842002868652,2631.965576171875,12.46459674835205
44,14.374848365783691,2.870145320892334,9.162373542785645,9.201679229736328,8417.50998076707,0.08698275685310364,0.5016068816184998,0.5139123201370239,14.460564613342285,3.0754947662353516,23.336833953857422,23.430843353271484,10217.846665612307,0.08770687133073807,2.024010181427002,2.197587013244629,3890.9677734375,20.095788955688477,3076.30615234375,12.575422286987305,3125.48193359375,12.48516845703125,3155.38818359375,19.95688247680664,2569.599853515625,12.533652305603027,2626.104736328125,12.45571231842041
45,14.352667808532715,2.861661434173584,9.273033142089844,9.285582542419434,8376.647327219509,0.08700069785118103,0.5089014172554016,0.508979856967926,14.447906494140625,3.0926930904388428,22.408260345458984,21.73224639892578,10333.44596379758,0.08769472688436508,0.8516594767570496,1.0965770483016968,3922.456787109375,20.09956932067871,3126.327880859375,12.54946517944336,3164.998046875,12.516773223876953,3131.75537109375,19.95471954345703,2553.97509765625,12.504780769348145,2608.890380859375,12.440400123596191
46,14.348686218261719,2.860954999923706,9.328391075134277,9.339555740356445,8325.424090077142,0.08698422461748123,0.5219952464103699,0.5154658555984497,14.581231117248535,3.089331865310669,13.355340003967285,13.294755935668945,10321.113401426559,0.08774406462907791,0.38346317410469055,0.38137975335121155,3925.066162109375,20.341890335083008,3128.842529296875,12.59189510345459,3179.071533203125,12.498090744018555,3110.784423828125,19.92901039123535,2536.925537109375,12.504263877868652,2592.3037109375,12.439262390136719
47,14.333678245544434,2.8536837100982666,9.337889671325684,9.368388175964355,8283.63625801957,0.08705486357212067,0.4856020212173462,0.49234017729759216,14.461204528808594,3.0691113471984863,8.913312911987305,8.917597770690918,10236.689937311648,0.08771209418773651,0.810631275177002,0.6309254765510559,3899.399169921875,20.134702682495117,3100.173828125,12.585143089294434,3148.81787109375,12.475281715393066,3095.1806640625,19.937908172607422,2525.531982421875,12.504218101501465,2581.0263671875,12.430310249328613
48,14.353540420532227,2.8267407417297363,9.331523895263672,9.360042572021484,8237.374252530464,0.08698359876871109,0.494624525308609,0.5053701996803284,14.615995407104492,3.1246793270111084,9.4329252243042,9.604186058044434,10326.595592366024,0.08772262930870056,0.36988571286201477,0.43165111541748047,3936.381591796875,20.230594635009766,3124.448974609375,12.570582389831543,3173.6640625,12.490743637084961,3112.69287109375,19.93756103515625,2531.647216796875,12.519911766052246,2590.41357421875,12.441076278686523
49,14.318087577819824,2.826312303543091,9.332470893859863,9.344563484191895,8197.995474383002,0.08702415972948074,0.522915244102478,0.5310888886451721,14.398409843444824,3.091252326965332,15.08572006225586,15.00354290008545,10359.10155942905,0.08770700544118881,0.31653696298599243,0.29685235023498535,3953.365478515625,20.1279239654541,3136.16552734375,12.560686111450195,3178.077880859375,12.482870101928711,3062.8359375,19.909528732299805,2498.15771484375,12.504439353942871,2552.87646484375,12.432876586914062
50,14.319493293762207,2.8245182037353516,9.107361793518066,9.122156143188477,8147.723820666975,0.08696848899126053,0.5086902976036072,0.5178251266479492,14.590287208557129,3.110879421234131,9.578181266784668,9.575052261352539,10266.982648920663,0.08769383281469345,0.5864743590354919,0.8534637689590454,3906.455078125,20.215896606445312,3105.9111328125,12.632540702819824,3160.606201171875,12.471671104431152,3044.385009765625,19.89628028869629,2482.875244140625,12.507079124450684,2536.873291015625,12.428547859191895
51,14.318227767944336,2.8303117752075195,9.288177490234375,9.322271347045898,8090.266974573401,0.08699425309896469,0.5345013737678528,0.5359926223754883,14.592035293579102,3.066279411315918,20.458044052124023,21.94887924194336,10499.529597828223,0.08771044760942459,1.9670495986938477,1.7185285091400146,4027.0908203125,20.145307540893555,3149.20458984375,12.596769332885742,3203.11572265625,12.488994598388672,3021.96875,19.888856887817383,2464.28271484375,12.497376441955566,2518.48681640625,12.426742553710938
52,14.291435241699219,2.8162765502929688,9.242138862609863,9.260727882385254,8041.5212790599735,0.08699091523885727,0.5310165882110596,0.5336028933525085,14.486598014831543,3.0774126052856445,12.663153648376465,12.636290550231934,10349.357567796367,0.08770731091499329,2.348194122314453,2.4001402854919434,3919.436279296875,20.11737060546875,3142.245361328125,12.597013473510742,3183.9638671875,12.462263107299805,3010.099365234375,19.890621185302734,2458.95361328125,12.497323036193848,2511.838623046875,12.421356201171875
53,14.282807350158691,2.8273160457611084,9.424957275390625,9.448407173156738,7992.559120286529,0.08696402609348297,0.538699209690094,0.5426043272018433,14.546106338500977,3.0707437992095947,9.267471313476562,9.382369041442871,10374.710652003898,0.08773243427276611,0.37525105476379395,0.394508421421051,3952.90966796875,20.159902572631836,3141.724365234375,12.54649829864502,3186.1142578125,12.482041358947754,2981.942626953125,19.8890438079834,2435.7724609375,12.489013671875,2489.0146484375,12.428101539611816
54,14.27424144744873,2.7999801635742188,9.229487419128418,9.262709617614746,7924.501333143812,0.08696731179952621,0.495361864566803,0.49851125478744507,14.483697891235352,3.1281681060791016,10.701408386230469,10.546192169189453,10540.463938382387,0.08770454674959183,1.049370288848877,1.2486437559127808,3997.822509765625,20.226200103759766,3192.3828125,12.615817070007324,3251.4423828125,12.575300216674805,2959.130615234375,19.88766098022461,2413.982666015625,12.489337921142578,2466.386962890625,12.412618637084961
55,14.276646614074707,2.794894218444824,9.39190673828125,9.42188835144043,7874.622090405295,0.0869772657752037,0.5163841247558594,0.5176993012428284,14.574897766113281,3.1346144676208496,19.247455596923828,19.01910400390625,10738.319084938417,0.08771742135286331,1.2722601890563965,1.4251248836517334,4148.83349609375,20.215404510498047,3206.63671875,12.620115280151367,3281.572509765625,12.536114692687988,2943.8896484375,19.875215530395508,2400.026123046875,12.500761985778809,2451.6337890625,12.406399726867676
56,14.289645195007324,2.8050355911254883,9.313567161560059,9.337357521057129,7840.631501774133,0.08697805553674698,0.5194582939147949,0.527079164981842,14.499911308288574,3.277488946914673,26.701234817504883,25.81426429748535,10630.746526754127,0.0877252072095871,0.7192596197128296,0.7290762066841125,4103.9296875,20.112279891967773,3179.52734375,12.608128547668457,3220.528564453125,12.462299346923828,2925.287841796875,19.879703521728516,2389.803955078125,12.495367050170898,2442.193603515625,12.394525527954102
57,14.248565673828125,2.787616014480591,9.27307415008545,9.266237258911133,7769.814677918632,0.08697547018527985,0.5335410833358765,0.5378677248954773,14.55841064453125,3.1776928901672363,16.22319221496582,15.877886772155762,10485.006117846731,0.08767019957304001,0.6526626944541931,0.8545355200767517,3969.4853515625,20.1640567779541,3178.71533203125,12.639547348022461,3230.747314453125,12.484428405761719,2899.693359375,19.85798454284668,2368.150634765625,12.490108489990234,2420.67138671875,12.395186424255371
58,14.263258934020996,2.789107322692871,9.364946365356445,9.396775245666504,7712.632696461913,0.08700962364673615,0.5336180925369263,0.541805624961853,14.422819137573242,3.1608128547668457,9.857199668884277,9.820067405700684,10509.74430829894,0.08767065405845642,0.40241333842277527,0.5942927598953247,3991.466796875,20.16143035888672,3185.4345703125,12.586881637573242,3242.80615234375,12.485231399536133,2876.218994140625,19.863847732543945,2350.45068359375,12.48019790649414,2403.266845703125,12.38562297821045
59,14.237109184265137,2.77781081199646,9.333715438842773,9.355649948120117,7663.0446973665275,0.08700942248106003,0.514610230922699,0.5286721587181091,14.461946487426758,3.03888201713562,10.820101737976074,11.109091758728027,10384.364195779284,0.08773525059223175,0.7528303861618042,0.5674492120742798,3965.925048828125,20.176855087280273,3139.001708984375,12.569131851196289,3186.830078125,12.46183967590332,2855.53076171875,19.84375762939453,2335.54345703125,12.463804244995117,2386.92529296875,12.398168563842773
60,14.216711044311523,2.7793612480163574,9.227487564086914,9.240530967712402,7550.012561265477,0.08700120449066162,0.523817241191864,0.5428542494773865,14.670585632324219,3.121276378631592,12.19713020324707,11.985726356506348,10475.37595301854,0.0876598060131073,0.8877978324890137,0.6927946209907532,3989.987060546875,20.318876266479492,3168.87939453125,12.578686714172363,3218.90380859375,12.503412246704102,2814.097412109375,19.81361198425293,2298.93310546875,12.475610733032227,2352.59326171875,12.385986328125
61,14.231969833374023,2.788527250289917,9.320502281188965,9.342771530151367,7571.184319371911,0.08695414662361145,0.5079152584075928,0.5297878980636597,14.734855651855469,3.1190240383148193,22.88545799255371,23.147939682006836,10451.132511290863,0.08768973499536514,1.3577442169189453,1.4514801502227783,3955.33544921875,20.177982330322266,3154.260986328125,12.598481178283691,3217.9228515625,12.453036308288574,2822.520751953125,19.844282150268555,2308.72119140625,12.468853950500488,2361.250244140625,12.389652252197266
62,14.255240440368652,2.773932933807373,9.373687744140625,9.409584045410156,7487.603980391537,0.08703452348709106,0.5194563269615173,0.5263974070549011,14.637048721313477,3.0581254959106445,11.223122596740723,10.941587448120117,10596.854010867073,0.08788609504699707,1.6229524612426758,1.3039309978485107,4037.087158203125,20.19804573059082,3219.2109375,12.589151382446289,3271.5087890625,12.46346664428711,2796.236572265625,19.859668731689453,2288.318359375,12.482097625732422,2335.928955078125,12.391128540039062
63,14.220519065856934,2.7798759937286377,9.363943099975586,9.396754264831543,7409.155564739162,0.0869855135679245,0.5288013815879822,0.5396018028259277,14.718182563781738,3.0390374660491943,19.126781463623047,19.615917205810547,10785.234310407659,0.08766845613718033,0.6019507646560669,0.4599621593952179,4067.648193359375,20.242218017578125,3279.568359375,12.631495475769043,3325.039794921875,12.492899894714355,2778.57568359375,19.828855514526367,2273.515625,12.471693992614746,2323.70068359375,12.377135276794434
64,14.250652313232422,2.7912540435791016,9.38720989227295,9.41272258758545,7405.503162377864,0.08699245005846024,0.5693222284317017,0.5787864923477173,14.488554000854492,3.075005292892456,8.938714981079102,9.069013595581055,10458.63229965114,0.08776269108057022,0.4829822778701782,0.5141424536705017,3983.64990234375,20.200788497924805,3172.504638671875,12.622823715209961,3213.92724609375,12.483515739440918,2756.708984375,19.858600616455078,2257.431640625,12.477110862731934,2306.437744140625,12.368454933166504
65,14.225973129272461,2.789565086364746,9.166301727294922,9.193079948425293,7306.561650531012,0.08700694143772125,0.5401929616928101,0.55939781665802,14.441568374633789,3.0609359741210938,18.615192413330078,19.264490127563477,10473.387719777746,0.08770439028739929,0.5715917944908142,0.56041020154953,3972.4765625,20.166667938232422,3166.96142578125,12.632817268371582,3221.564208984375,12.506577491760254,2715.003173828125,19.857728958129883,2229.79833984375,12.468960762023926,2277.96435546875,12.370678901672363
66,14.230899810791016,2.7712459564208984,9.35074520111084,9.354852676391602,7158.437161230206,0.08700595796108246,0.5635294914245605,0.5736031532287598,14.455022811889648,3.101881742477417,16.209884643554688,16.970272064208984,10422.745442247691,0.08771312236785889,1.6587166786193848,1.4309935569763184,3942.55029296875,20.1500186920166,3154.879638671875,12.571619033813477,3215.186279296875,12.47677230834961,2657.828369140625,19.825681686401367,2186.548583984375,12.477869033813477,2229.468505859375,12.36101245880127
67,14.237137794494629,2.7858121395111084,9.294160842895508,9.306612968444824,7174.829348423111,0.08700267225503922,0.5561943650245667,0.5648847818374634,14.541098594665527,3.128535747528076,17.926542282104492,18.289594650268555,10959.927228282233,0.08768807351589203,0.9635093808174133,0.927761971950531,4119.7236328125,20.171722412109375,3373.078369140625,12.57878303527832,3394.7158203125,12.54626750946045,2659.319580078125,19.83489418029785,2196.442138671875,12.46772289276123,2237.428955078125,12.352380752563477
68,14.21474552154541,2.7573421001434326,9.344664573669434,9.369221687316895,6991.535833131528,0.08698796480894089,0.5490314960479736,0.548302948474884,14.540315628051758,3.0305697917938232,8.903637886047363,8.951711654663086,10588.027683960217,0.0877256765961647,0.6195594072341919,0.6631497144699097,4023.9150390625,20.253812789916992,3194.681884765625,12.60964584350586,3276.02197265625,12.591854095458984,2594.19873046875,19.801666259765625,2137.425537109375,12.463244438171387,2175.4130859375,12.357163429260254
69,14.218782424926758,2.7405588626861572,9.355842590332031,9.372300148010254,6954.533376502134,0.08697358518838882,0.5731239914894104,0.5876516699790955,14.614694595336914,3.0966272354125977,17.24868392944336,17.24001121520996,10769.626015154121,0.08771931380033493,0.7936792373657227,0.6901079416275024,4064.384521484375,20.169965744018555,3269.356689453125,12.609596252441406,3326.971435546875,12.51013469696045,2579.4609375,19.818225860595703,2127.4638671875,12.45319652557373,2167.531494140625,12.349320411682129
70,14.207805633544922,2.7459912300109863,9.186920166015625,9.212760925292969,6948.801266372558,0.08695432543754578,0.5265563726425171,0.5390222668647766,14.511284828186035,3.1241390705108643,15.393540382385254,15.72655963897705,10558.70604148241,0.08827237784862518,0.6117473840713501,0.6903189420700073,3997.65576171875,20.17435073852539,3203.724365234375,12.600446701049805,3252.578125,12.502351760864258,2582.192138671875,19.83350372314453,2122.24365234375,12.441664695739746,2163.64990234375,12.333168983459473
71,14.213760375976562,2.7391302585601807,9.22209358215332,9.243230819702148,6778.826416498203,0.08699486404657364,0.5743650794029236,0.5661008954048157,15.023460388183594,3.0145351886749268,21.4204158782959,22.133808135986328,10701.366904563025,0.08769490569829941,0.575363039970398,0.6613205075263977,4106.06982421875,20.218896865844727,3225.806640625,12.608509063720703,3263.49169921875,12.493224143981934,2503.342041015625,19.817180633544922,2073.588623046875,12.451622009277344,2118.574462890625,12.325404167175293
72,14.212855339050293,2.7249772548675537,9.400047302246094,9.419832229614258,6796.039061227749,0.08702215552330017,0.5876120328903198,0.598070502281189,14.729122161865234,3.0459399223327637,25.735126495361328,25.16521644592285,10649.257902990697,0.0876481756567955,1.3886725902557373,1.2244404554367065,4017.5732421875,20.121601104736328,3221.466552734375,12.786789894104004,3290.17041015625,12.427640914916992,2507.262451171875,19.81734848022461,2080.13525390625,12.456406593322754,2124.465087890625,12.33493423461914
73,14.204575538635254,2.721794366836548,9.20682144165039,9.224159240722656,6690.99722368458,0.08699025213718414,0.5669563412666321,0.5813974142074585,14.72866153717041,3.031700849533081,12.35651683807373,11.946547508239746,10827.231586985718,0.08769354224205017,1.314084768295288,1.3959544897079468,4173.072265625,20.289295196533203,3285.23291015625,12.622428894042969,3337.139404296875,12.491296768188477,2480.5087890625,19.811912536621094,2043.2916259765625,12.449687004089355,2083.41552734375,12.310552597045898
74,14.169039726257324,2.712045192718506,9.288864135742188,9.307825088500977,6627.089080267647,0.08699048310518265,0.597272515296936,0.5921156406402588,14.461318969726562,3.0363264083862305,8.94811725616455,8.968024253845215,10493.880098188549,0.08783725649118423,1.0640982389450073,0.8076449036598206,4002.28466796875,20.122867584228516,3177.47216796875,12.721691131591797,3233.62255859375,12.476987838745117,2464.47900390625,19.8002872467041,2029.7686767578125,12.438315391540527,2061.066162109375,12.306530952453613
75,14.176615715026855,2.7130541801452637,9.270075798034668,9.305822372436523,6569.754892025354,0.0869712308049202,0.5989562273025513,0.6106168627738953,14.674962043762207,3.0596725940704346,17.36051368713379,16.888912200927734,10663.072676723008,0.0877150148153305,0.45771872997283936,0.4906160235404968,4028.566650390625,20.130271911621094,3236.6015625,12.654708862304688,3288.858154296875,12.43106746673584,2428.083740234375,19.796852111816406,2006.6146240234375,12.441150665283203,2052.620849609375,12.305413246154785
76,14.137890815734863,2.7090165615081787,9.249185562133789,9.280391693115234,6506.107929020665,0.08698032051324844,0.5758417844772339,0.5806558728218079,14.552281379699707,3.000931978225708,19.17091941833496,19.04255485534668,10982.181717808242,0.08776860684156418,0.5044137239456177,0.4704867899417877,4244.98095703125,20.185142517089844,3298.179443359375,12.642609596252441,3328.727783203125,12.465700149536133,2400.949951171875,19.77322006225586,1988.422607421875,12.449799537658691,2033.27783203125,12.293646812438965
77,14.164618492126465,2.7108330726623535,9.31746768951416,9.327593803405762,6418.224231998961,0.08697392046451569,0.6077694296836853,0.6214705109596252,14.488675117492676,3.028667688369751,9.130768775939941,9.143994331359863,10648.934673701193,0.08775323629379272,1.2363548278808594,1.2655357122421265,4069.3671875,20.177913665771484,3233.2685546875,12.717193603515625,3278.88134765625,12.49256420135498,2378.71630859375,19.799558639526367,1957.32470703125,12.433072090148926,1998.302490234375,12.26950454711914
78,14.202929496765137,2.706585645675659,9.263570785522461,9.301606178283691,6413.19213415319,0.08699926733970642,0.5974724888801575,0.606890857219696,14.494097709655762,2.9697272777557373,8.834455490112305,9.090621948242188,10611.027334127686,0.0877835676074028,0.3930077850818634,0.46917596459388733,4044.349609375,20.164213180541992,3211.84423828125,12.59069538116455,3270.181640625,12.456856727600098,2369.9951171875,19.778839111328125,1959.1580810546875,12.42331314086914,1999.723388671875,12.293475151062012
79,14.148268699645996,2.685783624649048,9.2274808883667,9.259050369262695,6294.777487580196,0.08698736131191254,0.603984534740448,0.6041980385780334,14.56644344329834,2.9740965366363525,13.538592338562012,14.816247940063477,10617.038353724449,0.08772344887256622,0.6483091711997986,0.6522518992424011,4105.11669921875,20.22303581237793,3181.611083984375,12.61527156829834,3229.34326171875,12.495790481567383,2339.717529296875,19.76833152770996,1917.6695556640625,12.433147430419922,1953.528564453125,12.290796279907227
80,14.144004821777344,2.694812536239624,9.204270362854004,9.236262321472168,6245.6920765509185,0.08699920028448105,0.5803463459014893,0.5918719172477722,14.829901695251465,2.9948670864105225,9.58681869506836,9.649801254272461,10466.397858728053,0.08766746520996094,1.5896092653274536,1.80013108253479,3976.105224609375,20.325336456298828,3165.063232421875,12.691848754882812,3228.85546875,12.473387718200684,2314.5703125,19.75758171081543,1903.427978515625,12.419442176818848,1945.1014404296875,12.276224136352539
81,14.137203216552734,2.6654622554779053,9.099952697753906,9.12698745727539,6136.628375852847,0.08696413785219193,0.5953152775764465,0.6147775650024414,14.491844177246094,3.107351779937744,20.4268798828125,20.438888549804688,10810.228601611636,0.08817341178655624,0.8057059645652771,0.6672706604003906,4055.681640625,20.195972442626953,3293.388671875,12.637359619140625,3347.614013671875,12.460552215576172,2262.99072265625,19.735519409179688,1877.830322265625,12.411991119384766,1916.4599609375,12.265996932983398
82,14.122185707092285,2.669422149658203,9.216877937316895,9.2447509765625,6088.394175107395,0.08699621260166168,0.610018789768219,0.6248314380645752,14.531380653381348,3.0904018878936768,16.14197540283203,16.195486068725586,10769.65402745021,0.08766306936740875,0.9205130934715271,0.8365175127983093,4063.801513671875,20.15457534790039,3281.698974609375,12.637102127075195,3341.0361328125,12.464065551757812,2260.571044921875,19.75342559814453,1853.377685546875,12.382946968078613,1893.8170166015625,12.268545150756836
83,14.124929428100586,2.68245792388916,9.093990325927734,9.123690605163574,6139.900203604068,0.08698537200689316,0.582599401473999,0.5940905809402466,14.959304809570312,3.00380802154541,8.730011940002441,8.783055305480957,10691.980425756683,0.08772118389606476,1.1842377185821533,1.0906755924224854,4075.85009765625,20.260805130004883,3232.272705078125,12.682201385498047,3292.644775390625,12.506999969482422,2261.895751953125,19.76361083984375,1875.5330810546875,12.398050308227539,1920.412353515625,12.267775535583496
84,14.107111930847168,2.6642982959747314,9.0442476272583,9.075498580932617,5909.795422637473,0.08699978142976761,0.5999405384063721,0.6108080744743347,14.791610717773438,3.0287952423095703,10.467923164367676,10.14128303527832,10867.678607958267,0.0876842513680458,1.039007306098938,0.8116875290870667,4148.662109375,20.24448013305664,3283.2548828125,12.641430854797363,3347.57421875,12.456562995910645,2188.071044921875,19.7097225189209,1803.252197265625,12.394129753112793,1835.7869873046875,12.260039329528809
85,14.09450912475586,2.6423356533050537,9.096033096313477,9.131009101867676,5792.354212072874,0.08699750900268555,0.6114436984062195,0.6219017505645752,14.591609001159668,2.9497017860412598,11.819836616516113,12.03708267211914,10583.07519265101,0.08780893683433533,1.3642137050628662,0.8722859025001526,4047.939697265625,20.18325424194336,3189.650146484375,12.678557395935059,3249.849365234375,12.475236892700195,2148.25146484375,19.713336944580078,1763.8472900390625,12.393259048461914,1801.2047119140625,12.238421440124512
86,14.097933769226074,2.644120931625366,8.992886543273926,9.02694034576416,5755.384281599211,0.087025485932827,0.5862318277359009,0.60232013463974,14.652956008911133,3.0061376094818115,12.949605941772461,12.828615188598633,10781.561465601251,0.0876779854297638,1.3409695625305176,1.5298740863800049,4151.326171875,20.22862434387207,3237.084716796875,12.687759399414062,3290.170654296875,12.53252124786377,2131.458251953125,19.68474578857422,1751.753173828125,12.370087623596191,1789.851806640625,12.22592830657959
87,14.106245994567871,2.6392571926116943,9.175840377807617,9.210275650024414,5731.8950497581845,0.08697056770324707,0.6149571537971497,0.6321300268173218,14.896459579467773,3.029083013534546,12.473492622375488,12.290017127990723,10816.34693488355,0.08770751953125,1.9543205499649048,1.7411869764328003,4082.158203125,20.284427642822266,3293.618408203125,12.672874450683594,3339.9443359375,12.498333930969238,2131.255615234375,19.72237777709961,1743.3013916015625,12.379000663757324,1779.2437744140625,12.253328323364258
88,14.078972816467285,2.6400442123413086,9.047584533691406,9.079086303710938,5652.0073504534475,0.08700336515903473,0.6045094132423401,0.6161353588104248,14.555570602416992,3.031500816345215,20.807174682617188,21.417539596557617,10769.175166445559,0.08772315084934235,2.4281063079833984,2.2552859783172607,4063.154052734375,20.144758224487305,3266.71826171875,12.698209762573242,3329.294189453125,12.488786697387695,2088.97802734375,19.685474395751953,1723.0743408203125,12.353503227233887,1758.48388671875,12.235870361328125
89,14.060365676879883,2.6411800384521484,8.994892120361328,9.013115882873535,5581.466877333923,0.08697225153446198,0.5864537358283997,0.6042281985282898,14.538145065307617,3.101043224334717,27.97281265258789,28.537187576293945,10680.883175281708,0.08770205080509186,0.9225959777832031,0.8387873768806458,4018.98876953125,20.187816619873047,3235.026123046875,12.67101764678955,3295.966796875,12.445338249206543,2066.77490234375,19.68690299987793,1702.347900390625,12.343395233154297,1730.99169921875,12.255126953125
90,14.048036575317383,2.6415622234344482,9.074888229370117,9.11036491394043,5611.224803239766,0.08698137104511261,0.6099069118499756,0.6281564235687256,14.590401649475098,2.9981729984283447,9.464852333068848,9.239815711975098,10703.583193912145,0.08785304427146912,1.2494664192199707,1.4401758909225464,4078.91259765625,20.268905639648438,3243.04052734375,12.704425811767578,3291.4150390625,12.518315315246582,2099.859619140625,19.648386001586914,1713.520263671875,12.351151466369629,1752.524658203125,12.230634689331055
91,14.027082443237305,2.629254102706909,8.993095397949219,9.024003982543945,5509.990263878068,0.0869780108332634,0.6118992567062378,0.6260151267051697,14.556797981262207,2.975794792175293,9.278236389160156,9.113178253173828,10752.298089254127,0.08769197016954422,0.6973487138748169,0.7841215133666992,4082.66162109375,20.1961669921875,3255.61279296875,12.747333526611328,3325.967529296875,12.45708179473877,2057.24072265625,19.63363265991211,1669.2847900390625,12.359015464782715,1701.3338623046875,12.249678611755371
92,14.028091430664062,2.6238322257995605,9.034236907958984,9.077388763427734,5452.316709089665,0.08699901401996613,0.6037654876708984,0.6230607032775879,14.598773956298828,2.9882614612579346,10.864858627319336,11.205052375793457,10706.293737102005,0.08769464492797852,0.6761165857315063,0.603399395942688,4070.6005859375,20.23019790649414,3249.01513671875,12.665214538574219,3300.557861328125,12.503461837768555,2017.55419921875,19.63583755493164,1662.8402099609375,12.340457916259766,1689.497802734375,12.224496841430664
93,14.015127182006836,2.60774564743042,8.981534957885742,9.004916191101074,5293.457692513547,0.08697131276130676,0.6184751391410828,0.6405824422836304,14.698001861572266,3.01790714263916,14.980437278747559,15.000310897827148,10766.388466940187,0.0877307802438736,0.594379186630249,0.46133315563201904,4128.0419921875,20.24094009399414,3244.29541015625,12.755793571472168,3301.923583984375,12.500816345214844,1973.08642578125,19.626747131347656,1607.8408203125,12.331649780273438,1630.9520263671875,12.223978996276855
94,13.985342025756836,2.600888729095459,8.914891242980957,8.922218322753906,5239.979551588472,0.08698826283216476,0.5824282765388489,0.5991484522819519,14.758416175842285,2.9438955783843994,12.26555347442627,12.656241416931152,10623.637404851694,0.08765947818756104,1.4256213903427124,0.6887303590774536,4057.921630859375,20.22930145263672,3198.527587890625,12.755037307739258,3265.1572265625,12.51870346069336,1952.8843994140625,19.598466873168945,1582.673828125,12.31344985961914,1623.2427978515625,12.189324378967285
95,14.010833740234375,2.6089518070220947,9.28387451171875,9.29911994934082,5320.255688235274,0.08697109669446945,0.6130051016807556,0.6354038119316101,14.647176742553711,2.954537868499756,10.434647560119629,10.395740509033203,10838.243742424987,0.08776476979255676,1.1806026697158813,1.2580074071884155,4108.52294921875,20.234140396118164,3296.396240234375,12.780486106872559,3340.510498046875,12.548674583435059,1970.3785400390625,19.619430541992188,1619.17919921875,12.32114315032959,1647.741943359375,12.198212623596191
96,13.988757133483887,2.599107503890991,9.04065990447998,9.073049545288086,5272.884045092093,0.08698766678571701,0.6210343241691589,0.650876522064209,14.588789939880371,3.012683153152466,18.451154708862305,18.633481979370117,10824.092364591523,0.08777309954166412,1.0939223766326904,1.1977897882461548,4063.99755859375,20.18012046813965,3312.22998046875,12.768914222717285,3339.743408203125,12.450715065002441,1966.858642578125,19.587631225585938,1596.7559814453125,12.337096214294434,1629.218017578125,12.208693504333496
97,13.987081527709961,2.57714581489563,8.821303367614746,8.858378410339355,5024.12060542488,0.08700155466794968,0.5971332788467407,0.6321830749511719,14.590152740478516,2.9585041999816895,9.66846752166748,9.894722938537598,10636.48586420663,0.0877060517668724,1.1214529275894165,1.057310700416565,4045.137451171875,20.327051162719727,3232.064697265625,12.71052074432373,3269.884521484375,12.479887008666992,1868.3421630859375,19.599018096923828,1526.0738525390625,12.28845500946045,1551.70263671875,12.173481941223145
98,13.975791931152344,2.5781471729278564,8.766253471374512,8.789676666259766,4992.497431149272,0.08698757737874985,0.5879144668579102,0.6040500402450562,14.675346374511719,3.008898973464966,15.602182388305664,15.25586223602295,10826.322762504913,0.08765051513910294,0.8290498852729797,0.9892867207527161,4098.6591796875,20.290437698364258,3281.525146484375,12.750972747802734,3338.305419921875,12.490105628967285,1861.611328125,19.57550811767578,1523.1102294921875,12.296603202819824,1555.251953125,12.16399097442627
99,13.940340042114258,2.5685336589813232,8.918399810791016,8.935157775878906,5021.034988400578,0.08701064437627792,0.6092734336853027,0.6190798878669739,14.740087509155273,2.9774608612060547,13.490283012390137,13.61823844909668,11376.553808491384,0.08767812699079514,0.7111436724662781,0.7234986424446106,4348.35693359375,20.31424903869629,3429.447021484375,12.717535018920898,3495.607666015625,12.487651824951172,1867.1214599609375,19.520912170410156,1515.73095703125,12.288846015930176,1556.640625,12.172465324401855