epoch,baseline_loss,disparity_loss,fx_loss,fy_loss,loss,pitch_loss,u0_loss,v0_loss,val_baseline_loss,val_disparity_loss,val_fx_loss,val_fy_loss,val_loss,val_pitch_loss,val_u0_loss,val_v0_loss,val_xWorld_loss,val_x_loss,val_yWorld_loss,val_y_loss,val_zWorld_loss,val_z_loss,xWorld_loss,x_loss,yWorld_loss,y_loss,zWorld_loss,z_loss
0,1.3664041757583618,15.954380989074707,26.496408462524414,47.83766174316406,204.28432709316039,4.030962944030762,4.788810729980469,5.468046188354492,32.76974105834961,7056.79833984375,8077.22216796875,7995.646484375,56129.26973598008,19971.802734375,5617.283203125,6180.63427734375,423.19952392578125,0.241538405418396,293.99285888671875,0.15187856554985046,508.4122314453125,0.15411663055419922,38.05308151245117,0.338743656873703,29.62271499633789,0.25666630268096924,29.784282684326172,0.31857991218566895
1,1.189895510673523,28.019119262695312,25.810409545898438,25.797653198242188,185.2266185229251,0.8936702013015747,2.3740079402923584,2.4577574729919434,0.6625264286994934,10.805562019348145,31.13172721862793,33.09770202636719,197.55028234197908,0.08984357863664627,5.491825580596924,5.176975727081299,43.05619430541992,0.27394115924835205,34.1651496887207,0.17056843638420105,33.12715530395508,0.1790023148059845,38.231143951416016,0.237931028008461,30.300315856933594,0.1515030413866043,29.60265350341797,0.1505650281906128
2,0.8122778534889221,47.555152893066406,25.837080001831055,25.730934143066406,204.43368622127784,0.14184634387493134,2.68452787399292,2.5865845680236816,0.24240097403526306,14.726336479187012,47.70912170410156,50.22597122192383,269.71510703608675,0.10142295062541962,27.073741912841797,25.002840042114258,41.0319709777832,0.1999889612197876,31.77643394470215,0.12536804378032684,31.15673828125,0.12533235549926758,38.35924530029297,0.24143166840076447,30.44083595275879,0.15230469405651093,29.710460662841797,0.1519172638654709
3,0.2927897274494171,11.752646446228027,25.39750862121582,25.40428924560547,159.4748534498189,0.08916574716567993,1.5098228454589844,1.6136927604675293,0.259228378534317,38.396244049072266,57.15144729614258,54.25137710571289,336.5180592726861,0.09195249527692795,41.04817199707031,40.38339614868164,41.17041778564453,0.19995038211345673,31.92605209350586,0.12492372840642929,31.23876953125,0.1251426637172699,36.338836669921875,0.2014252245426178,28.66840934753418,0.12662705779075623,27.9357852935791,0.12633349001407623
4,0.5306333303451538,26.592041015625,25.193889617919922,25.229969024658203,174.82686921125688,0.09985113888978958,1.559921383857727,1.6012585163116455,0.24807853996753693,108.9822998046875,38.95376968383789,40.172149658203125,336.71214260525176,0.09493675082921982,22.847118377685547,20.34075355529785,41.466651916503906,0.2021731585264206,32.15083312988281,0.12737157940864563,31.485897064208984,0.12545959651470184,36.586761474609375,0.20493733882904053,28.85806655883789,0.13047359883785248,28.11801528930664,0.12989464402198792
5,0.3398122191429138,23.226377487182617,25.38490104675293,25.42030143737793,171.06146565426178,0.0893995463848114,1.5482661724090576,1.578544020652771,1.389350414276123,172.297607421875,246.73773193359375,313.91937255859375,1354.0578410214598,0.0886923223733902,278.2967834472656,234.7528076171875,41.421546936035156,0.20616793632507324,32.12862777709961,0.12522003054618835,31.395456314086914,0.12490011751651764,36.346370697021484,0.20182134211063385,28.691619873046875,0.12679371237754822,27.975914001464844,0.12663932144641876
6,0.35965317487716675,27.64220428466797,25.484237670898438,25.49521255493164,175.32377217884869,0.0875859186053276,1.2632585763931274,1.2785274982452393,124.66719055175781,806840.6875,2847.93603515625,26822.59375,841504.9996593292,151.99061584472656,3570.4560546875,1204.578369140625,43.871917724609375,0.21055155992507935,37.85336685180664,0.13723613321781158,33.64109420776367,0.13227631151676178,36.55010986328125,0.20544810593128204,28.863882064819336,0.12958437204360962,28.033037185668945,0.12894819676876068
7,0.5912824273109436,29.01246452331543,25.620813369750977,25.615257263183594,182.93289976711222,0.6055993437767029,1.7609480619430542,1.8756033182144165,0.7168145775794983,21.45118522644043,32.287200927734375,33.50947570800781,214.88069751027746,0.08804791420698166,8.372177124023438,6.310784339904785,43.647945404052734,0.2747163772583008,34.2650032043457,0.15952743589878082,33.649452209472656,0.15733277797698975,38.09698486328125,0.23634614050388336,29.952707290649414,0.1446942538022995,29.265357971191406,0.14601553976535797
8,0.5642818808555603,54.568904876708984,25.464611053466797,25.476123809814453,208.60187355171746,0.2006581425666809,1.7786258459091187,1.7589666843414307,0.47970694303512573,76.00773620605469,26.662012100219727,29.246793746948242,256.4265801963566,0.36347445845603943,4.399879455566406,3.6406095027923584,44.92964553833008,0.24229678511619568,35.477787017822266,0.14769035577774048,34.538475036621094,0.14364556968212128,38.23830032348633,0.24087369441986084,30.397367477416992,0.15061500668525696,29.60303497314453,0.14745154976844788
9,0.6365970969200134,66.14103698730469,25.966140747070312,25.878185272216797,224.40588012585636,0.4402793347835541,1.4045801162719727,1.313681721687317,0.7480250000953674,22190.19140625,1340.9342041015625,943.3802490234375,26721.29900419287,0.3214452862739563,1083.81201171875,1029.10498046875,43.79539108276367,0.24991194903850555,34.284912109375,0.16865243017673492,33.60929489135742,0.13977113366127014,39.45071792602539,0.2522162199020386,31.648754119873047,0.1590500771999359,31.051834106445312,0.1526106894016266
10,0.7229779362678528,63.07261276245117,25.555063247680664,25.570526123046875,220.20706228854306,0.2487248182296753,1.8143188953399658,1.7717609405517578,0.7026089429855347,332.90533447265625,31.111370086669922,31.289167404174805,532.1559661225452,0.09052380919456482,12.356735229492188,10.646008491516113,43.83925247192383,0.254149854183197,34.33125686645508,0.1653072088956833,33.80672073364258,0.1668868213891983,38.85765838623047,0.25777578353881836,31.24114418029785,0.16263675689697266,30.82794189453125,0.15792468190193176
11,0.7429977655410767,50.90559387207031,25.12362289428711,25.069664001464844,205.35940762748615,0.09615440666675568,1.4703112840652466,1.5594635009765625,0.7722650766372681,66.52388000488281,36.71942138671875,40.7000617980957,281.4299642182996,0.21817900240421295,17.333757400512695,10.958891868591309,42.97956085205078,0.2510395646095276,32.984169006347656,0.15233217179775238,31.511253356933594,0.1256386637687683,38.87644958496094,0.25981393456459045,30.88564109802246,0.16260290145874023,29.99062728881836,0.1578448861837387
12,0.7756150364875793,40.09822463989258,25.503156661987305,25.509384155273438,188.3580580390046,0.6023593544960022,0.970834493637085,0.9934383034706116,0.7472406625747681,12.792085647583008,35.62103271484375,35.33128356933594,207.56393480920693,0.6584231853485107,9.980969429016113,7.932713031768799,41.06365203857422,0.20026402175426483,31.716384887695312,0.12520144879817963,31.11134147644043,0.12498614937067032,36.647029876708984,0.21783652901649475,28.803632736206055,0.13340069353580475,27.947629928588867,0.12967240810394287
13,0.6632035970687866,85.07304382324219,25.08846092224121,25.224096298217773,243.05234106017573,0.372330904006958,1.818452000617981,1.7984637022018433,0.6625509858131409,33.15482711791992,27.29726219177246,28.286209106445312,212.75342687450865,0.10394923388957977,6.038848876953125,4.844621181488037,43.88596725463867,0.2529829442501068,34.31697082519531,0.15459175407886505,33.59761428833008,0.1620948165655136,39.554115295410156,0.25460484623908997,31.972047805786133,0.15852710604667664,30.85477638244629,0.1583738923072815
14,0.6683660745620728,68.06261444091797,25.21202278137207,25.293502807617188,222.61564257845404,0.09381935745477676,1.1442744731903076,1.1798003911972046,0.6788012385368347,24.639530181884766,30.34598731994629,30.843923568725586,211.34240230024486,0.09441979229450226,6.202718257904053,6.564338684082031,44.04465103149414,0.24375496804714203,34.12596130371094,0.16030575335025787,33.14081954956055,0.1525939702987671,39.065338134765625,0.2593012750148773,31.021459579467773,0.162307009100914,30.280807495117188,0.16216997802257538
15,0.684994637966156,62.7157096862793,25.328683853149414,25.381425857543945,217.22625606841905,0.10154279321432114,0.9725911021232605,1.083474040031433,0.7131145000457764,223.12013244628906,38.68376541137695,35.32518005371094,443.31489293640266,0.09123698621988297,16.028701782226562,16.73308753967285,43.84360122680664,0.2636294960975647,34.31175231933594,0.16473771631717682,33.6615104675293,0.15379050374031067,39.03464126586914,0.25965991616249084,31.167856216430664,0.16014456748962402,30.277612686157227,0.16161487996578217
16,0.7009906768798828,60.045589447021484,25.396419525146484,25.440872192382812,214.59318051950845,0.08715089410543442,1.063422679901123,1.1854159832000732,0.7081640958786011,23530.837890625,371.0638732910156,491.31805419921875,25615.597707023062,0.08770135045051575,521.55712890625,580.5282592773438,43.820716857910156,0.26078832149505615,34.31389617919922,0.15791577100753784,33.6194953918457,0.1576002687215805,38.92726135253906,0.2599179446697235,31.02264404296875,0.16243824362754822,30.25229263305664,0.16219079494476318
17,0.7006863355636597,93.72753143310547,25.210777282714844,25.191139221191406,248.0958256833744,0.1319628357887268,1.2663755416870117,1.1920788288116455,0.6412293910980225,358.9714660644531,145.9839630126953,159.1697998046875,1067.931599794144,0.08862336724996567,133.13674926757812,156.09164428710938,43.76441192626953,0.2546057403087616,34.55615997314453,0.15828540921211243,33.79627227783203,0.1631155014038086,38.95269012451172,0.2588658332824707,30.947467803955078,0.1594061553478241,30.211257934570312,0.15986588597297668
18,0.6755015850067139,133.8336181640625,25.478046417236328,25.59876823425293,295.92604157344135,0.09192229807376862,1.3698598146438599,1.3731052875518799,0.7024540901184082,65.5770263671875,69.639404296875,60.5072021484375,377.8303632244374,0.09327220916748047,38.21171569824219,32.67172622680664,43.804134368896484,0.265872061252594,34.35699462890625,0.1552431285381317,33.64313507080078,0.16289475560188293,39.43813705444336,0.2597571909427643,33.580623626708984,0.16213355958461761,33.82365417480469,0.1620435118675232
19,0.7131913304328918,162.77767944335938,24.913978576660156,25.03626823425293,316.38671335938375,0.09098567813634872,0.9939135909080505,0.8982023000717163,0.7019177675247192,308.7347106933594,39.683292388916016,38.00825881958008,528.5626702330648,0.09026683866977692,14.295022964477539,14.439098358154297,43.80000305175781,0.2645711600780487,34.313133239746094,0.15913034975528717,33.61623001098633,0.15658174455165863,39.301902770996094,0.25932878255844116,31.64305305480957,0.16205884516239166,30.81556510925293,0.16222567856311798
20,0.7133432030677795,180.64559936523438,25.209829330444336,24.86846351623535,344.12011131430575,0.09643684327602386,1.8035006523132324,1.778517484664917,0.6719368100166321,132.77354431152344,28.075559616088867,28.695560455322266,315.33833165838536,0.11166039109230042,5.435084819793701,7.06870698928833,43.82284927368164,0.2559121549129486,34.30888748168945,0.1530464142560959,33.667327880859375,0.15627311170101166,40.626861572265625,0.2594846189022064,36.353328704833984,0.16060607135295868,31.400598526000977,0.16177183389663696
21,0.7334882020950317,225.02072143554688,25.581884384155273,25.873308181762695,398.14051080448394,0.1836843341588974,1.4960252046585083,1.4506815671920776,0.7368995547294617,1235.9044189453125,54.153926849365234,60.51813888549805,1503.9546473729035,0.14877700805664062,25.21928596496582,27.150487899780273,43.884273529052734,0.26401287317276,33.96784973144531,0.15942558646202087,33.36314010620117,0.16370730102062225,39.889610290527344,0.2593085467815399,42.79865646362305,0.1613122969865799,34.517391204833984,0.16133153438568115
22,0.7279549241065979,321.4928283691406,25.128799438476562,25.16519546508789,476.5332862216507,0.11486467719078064,0.8223947882652283,0.8493609428405762,0.7208248972892761,480.91619873046875,47.87904357910156,48.790809631347656,740.718126724851,0.09196271002292633,27.76738166809082,28.008384704589844,43.827552795410156,0.2520553171634674,34.21923828125,0.16123461723327637,33.53996658325195,0.15732377767562866,39.11857604980469,0.2593995928764343,31.78207778930664,0.16129092872142792,30.911090850830078,0.16133879125118256
23,0.7152647972106934,174.2218780517578,25.125642776489258,25.150680541992188,327.74471409224435,0.0881601870059967,0.7767473459243774,0.7496142983436584,0.7066540122032166,365.0975036621094,43.10904312133789,45.949771881103516,613.9707695727078,0.08862484991550446,23.17207145690918,22.999408721923828,43.818485260009766,0.2560282051563263,34.2691535949707,0.16291046142578125,33.584197998046875,0.15622340142726898,38.97050476074219,0.2591279447078705,31.078874588012695,0.16144464910030365,30.30473518371582,0.1613350659608841
24,0.6995990872383118,123.47803497314453,25.11181640625,25.139028549194336,276.8578864386354,0.0873212218284607,0.7777395248413086,0.7029739618301392,0.7165036797523499,2026.2113037109375,54.24320602416992,50.29291915893555,2309.6576376605085,0.08766620606184006,32.9274787902832,37.801048278808594,43.97945785522461,0.24762248992919922,34.95845413208008,0.15823876857757568,34.54338073730469,0.15235635638237,38.92948532104492,0.2595718502998352,31.048023223876953,0.1624302864074707,30.29181480407715,0.16208231449127197
25,0.722536563873291,153.00938415527344,25.267118453979492,25.125165939331055,307.5240607385901,0.08970434218645096,0.8808382153511047,0.8958589434623718,0.7609382271766663,298.2239990234375,38.35147476196289,38.711814880371094,521.296370417117,0.0887259691953659,15.401392936706543,17.139860153198242,43.876365661621094,0.2635674774646759,34.18742370605469,0.15758980810642242,33.70127487182617,0.15372827649116516,39.18199920654297,0.2587178349494934,31.22351837158203,0.16151143610477448,30.73592758178711,0.16180087625980377
26,0.7579027414321899,204.90585327148438,24.8520450592041,24.876136779785156,358.7989626189555,0.08767279237508774,0.8166378736495972,0.825772762298584,0.7546898722648621,277.384033203125,39.80278778076172,40.28181838989258,499.4266445455811,0.08768846839666367,14.357794761657715,13.458946228027344,43.79539108276367,0.26618877053260803,34.91810607910156,0.16260680556297302,33.59825897216797,0.16966304183006287,38.956058502197266,0.25912702083587646,31.722509384155273,0.1616257280111313,30.34288787841797,0.16139157116413116
27,0.7441054582595825,400.9421691894531,24.890981674194336,24.89034080505371,554.7832037337064,0.08985598385334015,0.6385279893875122,0.6342362761497498,0.7411525845527649,587.8583374023438,37.635528564453125,38.13377380371094,803.5967409529776,0.08771409094333649,14.02161979675293,12.355542182922363,43.787025451660156,0.2648378908634186,34.287044525146484,0.16769017279148102,33.61223602294922,0.1615772545337677,39.02700424194336,0.2586871385574341,31.945079803466797,0.16200685501098633,30.370223999023438,0.1619643270969391
28,0.7397698760032654,184.40463256835938,24.812143325805664,24.824914932250977,336.6286248357041,0.0875939205288887,0.593181848526001,0.5828506350517273,0.7410427331924438,281.28350830078125,39.28136444091797,40.88212203979492,502.7889360279907,0.09031546115875244,13.46091079711914,15.081477165222168,43.81617736816406,0.2580656409263611,33.81328582763672,0.16244561970233917,33.50786209106445,0.16331477463245392,38.912410736083984,0.2599160671234131,30.841232299804688,0.1585313081741333,30.19306182861328,0.16220681369304657
29,0.7030559182167053,236.5120086669922,24.586706161499023,24.59374237060547,389.9107617099759,0.08971225470304489,0.6156910061836243,0.6071677803993225,0.7085518836975098,312.3704833984375,37.17000198364258,36.55477523803711,523.6303749516325,0.08798114955425262,11.684854507446289,12.555990219116211,43.78913116455078,0.2573840320110321,34.17013931274414,0.16844964027404785,33.569305419921875,0.1739439070224762,38.938419342041016,0.25955820083618164,32.2372932434082,0.16094090044498444,30.419435501098633,0.16233694553375244
30,0.6936797499656677,188.34471130371094,24.49830436706543,24.498624801635742,339.7647517092037,0.08794758468866348,0.5430912971496582,0.5556744337081909,0.6755987405776978,1246.46630859375,44.73245620727539,45.23538589477539,1480.5590287150576,0.09777721017599106,14.580885887145996,16.33068084716797,43.807979583740234,0.2688853144645691,32.96104049682617,0.13040435314178467,33.37781524658203,0.17023861408233643,38.928306579589844,0.2588714063167572,30.91674041748047,0.15924972295761108,30.2368221282959,0.16208232939243317
31,0.7201631665229797,272.99444580078125,24.573680877685547,24.524320602416992,425.3071466519612,0.09502285718917847,0.5632203221321106,0.5257430672645569,0.6662230491638184,479.36920166015625,38.755794525146484,37.18722915649414,696.0666528345904,0.08774898201227188,12.878196716308594,12.015158653259277,43.77046203613281,0.2611185312271118,36.51707458496094,0.16347791254520416,33.51837921142578,0.16844667494297028,38.970951080322266,0.25896409153938293,31.38068199157715,0.15733365714550018,30.467548370361328,0.15996217727661133
32,0.6788541674613953,219.97988891601562,24.527082443237305,24.529260635375977,371.8189227903628,0.08740454912185669,0.5657371282577515,0.577640950679779,0.6668019890785217,670.218994140625,42.883636474609375,41.106204986572266,898.2392452983736,0.08855551481246948,16.289270401000977,14.321915626525879,43.77743148803711,0.2712145149707794,33.99535369873047,0.1637621968984604,33.4908447265625,0.1643764227628708,38.9281120300293,0.25884681940078735,31.113279342651367,0.1605304777622223,30.26459503173828,0.16192074120044708
33,0.6697279810905457,176.62461853027344,24.501047134399414,24.475828170776367,327.4505247926669,0.26938918232917786,0.5580387115478516,0.5101252794265747,0.7121409177780151,348.69622802734375,36.743167877197266,34.46636199951172,556.954952574276,0.08779452741146088,12.312768936157227,11.564604759216309,43.80667495727539,0.2564789652824402,34.25321960449219,0.16598956286907196,33.59076690673828,0.16105782985687256,38.6614875793457,0.2521452307701111,30.650541305541992,0.15295051038265228,29.99644660949707,0.15333735942840576
34,0.693554162979126,374.3063659667969,24.455833435058594,24.423954010009766,525.970838570402,0.08857382088899612,0.5542144179344177,0.5659995079040527,0.7007419466972351,634.8334350585938,42.309791564941406,39.54880905151367,852.9549135476038,0.08772225677967072,10.679179191589355,12.053206443786621,43.7971076965332,0.25871753692626953,34.29195785522461,0.16509345173835754,33.598243713378906,0.16466189920902252,38.94398880004883,0.25914379954338074,31.05929183959961,0.1612313985824585,30.262653350830078,0.1620016247034073
35,0.7026697397232056,142.46221923828125,24.497112274169922,24.468852996826172,294.0798270418316,0.08737268298864365,0.5006463527679443,0.4998655319213867,0.6964472532272339,400.624267578125,39.57012176513672,35.95895004272461,611.2904072247711,0.08774007111787796,10.905014991760254,10.694211959838867,43.79874038696289,0.2568489909172058,34.32242965698242,0.1578333079814911,33.61366271972656,0.15470077097415924,38.935848236083984,0.25994428992271423,31.068031311035156,0.16182275116443634,30.275609970092773,0.1619430035352707
36,0.6554514169692993,604.625244140625,25.16798210144043,25.243728637695312,758.4694510652691,0.08853953331708908,0.6822790503501892,0.6980888247489929,0.6729950308799744,1073.722412109375,33.63606643676758,33.093868255615234,1268.096166531545,0.08772072941064835,8.82191276550293,9.306622505187988,43.802181243896484,0.2539396286010742,34.31828308105469,0.16200220584869385,33.611305236816406,0.1549128293991089,38.93803024291992,0.25946030020713806,31.602264404296875,0.15636441111564636,30.3156795501709,0.16209639608860016
37,0.6884350180625916,633.5704345703125,25.502727508544922,25.40582847595215,787.6339300959365,0.0877942144870758,0.8519192337989807,0.7694687843322754,0.7201893925666809,998.650634765625,39.186710357666016,40.6225700378418,1220.0926382132795,0.0877932608127594,14.884490966796875,13.245017051696777,43.798301696777344,0.2617145776748657,34.285457611083984,0.16331370174884796,33.59587478637695,0.16336293518543243,38.940181732177734,0.2590694725513458,31.209152221679688,0.16219638288021088,30.314054489135742,0.1618325412273407
38,0.7028965353965759,880.2930297851562,25.08734703063965,25.075456619262695,1033.7166046005482,0.08732448518276215,0.6840623617172241,0.6351386904716492,0.6880441904067993,493.00030517578125,40.503570556640625,40.712066650390625,720.831531273544,0.08781890571117401,17.824384689331055,15.280753135681152,43.79887008666992,0.25748926401138306,34.295433044433594,0.1625126451253891,33.61432647705078,0.1601598560810089,38.935665130615234,0.2594761550426483,31.09871482849121,0.16243931651115417,30.28125762939453,0.162295863032341
39,0.6974363327026367,146.0296630859375,24.967992782592773,24.96034049987793,298.4186406028453,0.08728103339672089,0.5523779988288879,0.5003317594528198,0.7073018550872803,427.6885070800781,42.44001007080078,44.35818862915039,671.8179609958481,0.08787281066179276,22.276620864868164,21.646268844604492,43.79829025268555,0.2584249973297119,34.303245544433594,0.15787434577941895,33.605873107910156,0.1546775847673416,38.925140380859375,0.2593047618865967,31.04889488220215,0.16249509155750275,30.25722885131836,0.16208654642105103
40,0.6955774426460266,154.9829864501953,24.846315383911133,24.833789825439453,307.1657431987204,0.08815805613994598,0.501798152923584,0.4693211019039154,0.6710042357444763,293.903564453125,41.25370407104492,41.99003219604492,524.647965622748,0.11233468353748322,17.53355598449707,16.66130256652832,43.80224609375,0.26612335443496704,34.22620391845703,0.1458311676979065,33.55223083496094,0.1602638214826584,38.9272575378418,0.2593729794025421,31.020240783691406,0.16191837191581726,30.252132415771484,0.16191066801548004
41,0.7207523584365845,787.2303466796875,26.18632698059082,26.023258209228516,966.3897862738569,0.17732863128185272,0.9158219695091248,0.8061253428459167,0.7247557044029236,1671.363525390625,40.2968864440918,40.10287857055664,1900.3989646287835,0.16843031346797943,16.914281845092773,16.69964027404785,43.81435012817383,0.25011521577835083,34.31950378417969,0.15908603370189667,33.61374282836914,0.15739896893501282,39.77449417114258,0.2599244713783264,44.52195739746094,0.16210617125034332,39.6600456237793,0.16197121143341064
42,0.7232760190963745,389.3011474609375,24.91905975341797,24.896371841430664,541.6862563744174,0.1489190310239792,0.476565957069397,0.45545342564582825,0.7240678071975708,864.8890991210938,34.62356185913086,34.371219635009766,1070.8897930025305,0.12976516783237457,12.286660194396973,11.312765121459961,43.8084716796875,0.25522175431251526,34.30162048339844,0.16487161815166473,33.60631561279297,0.16511791944503784,38.94404220581055,0.25923535227775574,31.03192710876465,0.1621575653553009,30.271169662475586,0.16214624047279358
43,0.7220050692558289,492.0850830078125,24.918272018432617,24.838455200195312,644.1568702663479,0.11274061352014542,0.4780386686325073,0.4488958716392517,0.7224369645118713,975.0203857421875,37.29951095581055,36.80718994140625,1190.171107697237,0.09993723779916763,13.875104904174805,13.233223915100098,43.810813903808594,0.25344738364219666,34.081459045410156,0.159621924161911,33.46208953857422,0.15607167780399323,38.95362854003906,0.25964969396591187,31.061155319213867,0.16267786920070648,30.26473617553711,0.16223908960819244
44,0.7018859386444092,284.4320373535156,24.866086959838867,24.690906524658203,436.608795637626,0.0946277529001236,0.4201517105102539,0.4286680221557617,0.6501007080078125,825.2156372070312,37.52912521362305,37.11708450317383,1043.3430271492564,0.09093508869409561,15.620453834533691,14.734803199768066,43.81099319458008,0.25122934579849243,34.165645599365234,0.15461501479148865,33.50167465209961,0.15886063873767853,38.91609573364258,0.2594848573207855,31.10780143737793,0.16136224567890167,30.387836456298828,0.16063512861728668
45,0.6773209571838379,449.31622314453125,25.106796264648438,25.059612274169922,605.0980643190999,0.09505437314510345,0.6483484506607056,0.6441866755485535,0.6954208016395569,300.3674011230469,37.289833068847656,36.77292251586914,514.250676428197,0.09059160202741623,13.394816398620605,13.189815521240234,43.808563232421875,0.2570907473564148,34.27189254760742,0.16599278151988983,33.61030578613281,0.16092225909233093,38.9305305480957,0.2594500780105591,32.904178619384766,0.16110333800315857,30.926048278808594,0.16180290281772614
46,0.7010415196418762,154.8614044189453,24.60703468322754,24.602813720703125,307.03407495709445,0.0876273587346077,0.7235714793205261,0.6333227753639221,0.7085781097412109,78.01083374023438,33.35897445678711,32.800193786621094,281.96420900356844,0.08768413960933685,12.352703094482422,11.952927589416504,43.808509826660156,0.26409831643104553,34.5400390625,0.16874629259109497,33.60154342651367,0.1688479483127594,38.92457580566406,0.25926798582077026,31.098312377929688,0.16210895776748657,30.256423950195312,0.16197898983955383
47,0.694717526435852,357.09600830078125,24.53915786743164,24.51016616821289,508.7879233306309,0.08699631690979004,0.5257049798965454,0.5246801972389221,0.6543801426887512,358.3493957519531,33.5175895690918,32.67130661010742,557.5107408823458,0.08790764212608337,9.509871482849121,10.308721542358398,43.80199432373047,0.2567140758037567,34.324588775634766,0.1619652956724167,33.58354949951172,0.16038352251052856,38.917728424072266,0.25969475507736206,31.0649356842041,0.16258080303668976,30.263673782348633,0.16222068667411804
48,0.644113302230835,109.47863006591797,24.571735382080078,24.546743392944336,257.6106204407341,0.44477176666259766,0.35726967453956604,0.367209255695343,0.6378163695335388,141.24435424804688,32.38282775878906,32.907386779785156,331.8639067355942,0.8060888648033142,9.002622604370117,10.258889198303223,40.93992614746094,0.20044413208961487,31.836641311645508,0.12476605921983719,31.12565040588379,0.12530037760734558,37.871944427490234,0.24002549052238464,29.998451232910156,0.1486903727054596,29.06070899963379,0.14270880818367004
49,0.6613777875900269,202.88784790039062,24.50884246826172,24.485204696655273,351.8925360858708,0.4037489593029022,0.3838171660900116,0.358793705701828,0.6609168648719788,638.0481567382812,38.19019317626953,37.89815139770508,859.8802749985668,0.08872692286968231,15.480480194091797,16.79420280456543,43.846885681152344,0.26261642575263977,34.26542282104492,0.16167065501213074,33.46048355102539,0.1597275286912918,38.098724365234375,0.2389872521162033,30.27607536315918,0.14753258228302002,29.502094268798828,0.14659400284290314
50,0.6445189118385315,154.2494659423828,24.414674758911133,24.41551399230957,300.34618325177763,0.5941864252090454,0.3632684350013733,0.37511563301086426,0.653414785861969,478.79180908203125,33.462825775146484,34.249855041503906,673.3216973774588,0.7298506498336792,9.054768562316895,10.3391695022583,41.46257019042969,0.2077929675579071,32.090362548828125,0.12658484280109406,31.281612396240234,0.12512615323066711,37.06722640991211,0.22140684723854065,29.339487075805664,0.1389024406671524,28.420059204101562,0.13410215079784393
51,0.6465351581573486,65.99043273925781,24.35799789428711,24.426918029785156,211.74792970175798,0.627910852432251,0.3378170430660248,0.3725826144218445,0.6285455822944641,158.47210693359375,33.62445068359375,33.315093994140625,351.2605882432726,0.73500657081604,9.636055946350098,10.402087211608887,40.974830627441406,0.20473246276378632,31.7542724609375,0.12486238777637482,31.06528663635254,0.12517938017845154,36.930381774902344,0.21622638404369354,29.178926467895508,0.13234065473079681,28.434141159057617,0.13016445934772491
52,0.6710298657417297,237.41159057617188,24.875516891479492,24.794530868530273,387.0233241818986,0.3453718423843384,0.43048614263534546,0.44244512915611267,0.7427039742469788,1404.5941162109375,75.3572006225586,110.68179321289062,1767.6227378861208,0.11715368181467056,26.867618560791016,36.56119155883789,43.81000518798828,0.24458228051662445,34.291202545166016,0.15723608434200287,33.61043167114258,0.15285927057266235,38.217647552490234,0.23915810883045197,30.46426010131836,0.1476433128118515,29.679641723632812,0.14594672620296478
53,0.7447562217712402,473.7165832519531,25.399843215942383,25.354045867919922,627.5682138557811,0.08839564025402069,0.533816397190094,0.5719187259674072,0.7407287359237671,151.2381134033203,33.342308044433594,31.72649383544922,343.8687249077691,0.0876852348446846,6.1653218269348145,7.966395378112793,43.73038101196289,0.25954437255859375,34.41966247558594,0.16482503712177277,33.579898834228516,0.16601666808128357,38.995338439941406,0.2587434947490692,31.076950073242188,0.16214756667613983,30.31967544555664,0.16167210042476654
54,0.7296268939971924,595.0568237304688,25.344575881958008,25.30293846130371,748.5851896411111,0.0888650119304657,0.5159561634063721,0.5796723365783691,0.7140964269638062,581.3421020507812,36.05002212524414,37.96415328979492,792.6530569528384,0.08781858533620834,10.302925109863281,13.732620239257812,43.825172424316406,0.2582187056541443,34.31364822387695,0.16068780422210693,33.618385314941406,0.16008590161800385,39.06672668457031,0.25921180844306946,31.02153968811035,0.16232866048812866,30.29258155822754,0.16232331097126007
55,0.7055003046989441,128.3821258544922,25.068805694580078,25.06426429748535,280.89117937250813,0.08998127281665802,0.40411755442619324,0.41950514912605286,0.7120147943496704,124.53772735595703,34.93014907836914,38.15615463256836,330.77876058454535,0.08892733603715897,9.36679458618164,10.658658981323242,43.80686569213867,0.2685120701789856,34.26386260986328,0.1640484482049942,33.51053237915039,0.1629299819469452,38.925315856933594,0.25972604751586914,31.00263023376465,0.1622709035873413,30.24785614013672,0.16158123314380646
56,0.717241644859314,210.23794555664062,25.00244903564453,25.042766571044922,361.7255505228514,0.34584882855415344,0.4213988184928894,0.43451422452926636,0.7040329575538635,151.125,48.15361022949219,44.332237243652344,401.3624307116622,0.08774272352457047,21.247161865234375,22.15683937072754,43.916812896728516,0.24940726161003113,35.23106002807617,0.15998278558254242,33.72684860229492,0.15955163538455963,38.42576217651367,0.24733032286167145,30.734477996826172,0.15397778153419495,29.737133026123047,0.14913907647132874
57,0.7263484597206116,323.1681213378906,24.616943359375,24.60708236694336,474.8173213112172,0.08848802745342255,0.35794079303741455,0.352430522441864,0.7090071439743042,796.7696533203125,45.673980712890625,47.026493072509766,1043.293423046056,0.08768752217292786,18.774003982543945,21.50673484802246,43.803035736083984,0.2592185437679291,34.297935485839844,0.16369536519050598,33.609561920166016,0.1596124768257141,38.94596862792969,0.2591651976108551,31.051918029785156,0.1619177907705307,30.2983455657959,0.16197115182876587
58,0.7088989019393921,570.8161010742188,24.58197021484375,24.574853897094727,721.7093374302017,0.08758292347192764,0.3138998746871948,0.3170524835586548,0.6992667317390442,1280.116943359375,34.760929107666016,34.907440185546875,1478.3065680481852,0.08840799331665039,8.470723152160645,6.618062973022461,43.813541412353516,0.2727014422416687,34.31481170654297,0.17345894873142242,33.62689208984375,0.16979938745498657,38.9232177734375,0.259069561958313,31.02773666381836,0.16214941442012787,30.26885986328125,0.16182957589626312
59,0.7183850407600403,652.4783325195312,24.745651245117188,24.759532928466797,804.3620203722519,0.08704911917448044,0.329486221075058,0.34209001064300537,0.7142006158828735,553.4529418945312,35.84003829956055,33.83501052856445,753.504067474941,0.08769893646240234,9.709545135498047,7.2592644691467285,43.807533264160156,0.2603250741958618,34.299468994140625,0.16213102638721466,33.60398864746094,0.16197654604911804,38.9326057434082,0.2595312297344208,31.0180721282959,0.16271305084228516,30.268163681030273,0.1623941957950592
60,0.6963111758232117,769.9763793945312,24.745838165283203,24.779541015625,921.915048094387,0.08764293044805527,0.2989172637462616,0.3189173936843872,0.6975480318069458,677.134765625,60.3426513671875,59.20351028442383,972.2353031438352,0.0877007246017456,29.55071258544922,32.561134338378906,43.80003356933594,0.26668867468833923,34.3050651550293,0.1632818579673767,33.61322784423828,0.16091936826705933,38.943695068359375,0.25939878821372986,31.014724731445312,0.1626080870628357,30.262420654296875,0.1621854454278946
61,0.7113759517669678,1341.9810791015625,25.252500534057617,25.257139205932617,1495.4892067305161,0.08741559088230133,0.4962015151977539,0.43860548734664917,0.7111098766326904,537.6907958984375,30.729415893554688,30.52968978881836,720.2498578149567,0.08767898380756378,4.586023807525635,3.6204254627227783,43.80581283569336,0.26166459918022156,34.304893493652344,0.16986285150051117,33.610958099365234,0.16757269203662872,39.00835037231445,0.259725421667099,31.080419540405273,0.16218237578868866,30.336322784423828,0.1620345115661621
62,0.6983122229576111,367.95977783203125,25.132444381713867,25.138439178466797,520.7115738723905,0.08707615733146667,0.43407759070396423,0.43542879819869995,0.6853544116020203,428.6485595703125,29.00010108947754,28.946250915527344,605.5443782142623,0.08772072196006775,3.0660598278045654,2.6501970291137695,43.856719970703125,0.24947652220726013,34.34120178222656,0.16367067396640778,33.66354751586914,0.1572655737400055,38.92729568481445,0.2598365843296051,31.01142120361328,0.1626187264919281,30.2541561126709,0.16253043711185455
63,0.6983599066734314,1359.076171875,25.129009246826172,25.10396957397461,1513.5227754029088,0.09062322229146957,0.550559401512146,0.5186489224433899,0.6773427724838257,131.07298278808594,30.652828216552734,31.068103790283203,311.47623023586954,0.08779682219028473,3.1474030017852783,2.1783244609832764,44.038429260253906,0.2641599774360657,34.433006286621094,0.16727522015571594,33.764976501464844,0.16558921337127686,39.36252975463867,0.2590460181236267,31.34628677368164,0.16226404905319214,30.578886032104492,0.162136971950531
64,0.6776276230812073,802.8571166992188,25.262319564819336,25.27279281616211,955.6836428248979,0.08697589486837387,0.47287705540657043,0.4922889769077301,0.6799448728561401,504.3921813964844,33.80084991455078,32.44514083862305,690.8638897142071,0.08776558935642242,3.101639986038208,2.367461681365967,44.27427673339844,0.2653231918811798,34.560970306396484,0.16792032122612,33.950653076171875,0.17027704417705536,38.93743133544922,0.2587953507900238,31.01484489440918,0.1624160259962082,30.26439666748047,0.16183063387870789
65,0.6798188090324402,305.151123046875,25.26475715637207,25.272146224975586,458.0224590236393,0.08697285503149033,0.43125784397125244,0.43589746952056885,0.6841073632240295,801.8452758789062,34.960750579833984,34.16349792480469,989.643742732082,0.08777777850627899,2.585343360900879,2.7510948181152344,43.81088638305664,0.2544346749782562,34.29872131347656,0.16093850135803223,33.60538864135742,0.16234491765499115,38.93067932128906,0.25961413979530334,31.010908126831055,0.16253788769245148,30.260034561157227,0.16251741349697113
66,0.6882801055908203,619.824951171875,25.25031089782715,25.25018310546875,773.0216057214454,0.08701729774475098,0.4143092632293701,0.4509516656398773,0.7009917497634888,401.3561706542969,29.296724319458008,29.186046600341797,577.0114534198113,0.0877193883061409,2.1675264835357666,1.736830711364746,43.816246032714844,0.2641889750957489,34.32173538208008,0.16454117000102997,33.627296447753906,0.165943905711174,38.928531646728516,0.25969013571739197,31.018404006958008,0.1621898114681244,30.258739471435547,0.1619647890329361
67,0.7024745941162109,664.9945068359375,25.20768165588379,25.209674835205078,817.9413277104215,0.08708098530769348,0.43790963292121887,0.4258396029472351,0.696736216545105,281.62103271484375,30.353191375732422,29.924148559570312,458.4925161173758,0.0876874327659607,2.069829225540161,1.2413734197616577,43.844913482666016,0.26197758316993713,34.33803176879883,0.16161586344242096,33.63957214355469,0.16132885217666626,38.93098831176758,0.2593924105167389,31.0134334564209,0.1624622344970703,30.26177406311035,0.1623934954404831
68,0.6877063512802124,188.40414428710938,25.16613006591797,25.15774917602539,340.84583146334336,0.08712255209684372,0.42417043447494507,0.3853332996368408,0.6943499445915222,170.69940185546875,32.32933044433594,31.695253372192383,351.69451268993834,0.08781041204929352,2.97536039352417,0.5712490677833557,43.85123825073242,0.25603851675987244,34.33108139038086,0.1656215786933899,33.638248443603516,0.1656608283519745,38.93049240112305,0.25936803221702576,31.01249122619629,0.16236692667007446,30.2585506439209,0.162057027220726
69,0.6996842622756958,584.9014282226562,25.167333602905273,25.158428192138672,737.196827729286,0.08714832365512848,0.3877645432949066,0.4010062515735626,0.7157756090164185,1192.73095703125,37.77519607543945,36.039039611816406,1383.421894551723,0.08784215152263641,3.561255693435669,1.5659109354019165,43.816776275634766,0.2622164189815521,34.31452178955078,0.16162574291229248,33.62016296386719,0.1670638769865036,38.92888259887695,0.25974351167678833,31.012205123901367,0.16246473789215088,30.25853157043457,0.16222216188907623
70,0.6882761120796204,296.63885498046875,25.193632125854492,25.19339370727539,449.280194503085,0.0872170552611351,0.40451908111572266,0.39793860912323,0.7023453712463379,102.8602523803711,34.258460998535156,33.293670654296875,286.3630948176674,0.08766163140535355,2.3698883056640625,0.9746295213699341,44.69310760498047,0.25947898626327515,34.822967529296875,0.15862402319908142,34.07161331176758,0.16178323328495026,38.93473434448242,0.25958338379859924,31.016481399536133,0.16255924105644226,30.26473045349121,0.1624743491411209
71,0.7079588174819946,582.7166748046875,25.17194175720215,25.160934448242188,735.7668740381342,0.08721521496772766,0.4271658658981323,0.44767120480537415,0.7078244686126709,221.7860107421875,30.00882339477539,29.44967269897461,396.376213089725,0.08774856477975845,1.492753028869629,0.5213370323181152,43.78901672363281,0.2641544044017792,34.28905487060547,0.16679272055625916,33.594886779785156,0.1668950915336609,38.9322509765625,0.25964125990867615,31.010255813598633,0.1619751751422882,30.261207580566406,0.16206498444080353
72,0.7057522535324097,220.46185302734375,24.56268310546875,24.619478225708008,371.9827987465254,0.08716476708650589,0.4027538001537323,0.36766356229782104,0.6889876127243042,174.82276916503906,30.621234893798828,30.396127700805664,352.7683442121782,0.0880795270204544,3.539445161819458,0.4167180061340332,43.803688049316406,0.2542118728160858,34.294925689697266,0.16357916593551636,33.60311508178711,0.1602019965648651,38.923030853271484,0.25961214303970337,31.005870819091797,0.1625714749097824,30.253597259521484,0.16226890683174133
73,0.6985582709312439,871.801025390625,23.91482925415039,23.999483108520508,1022.5296844125972,0.08721951395273209,0.4189819395542145,0.39785802364349365,0.7021974325180054,168.3607940673828,26.209815979003906,26.423629760742188,336.9327235447786,0.08804749697446823,1.9227278232574463,0.7741126418113708,43.86738204956055,0.25997018814086914,34.3765754699707,0.1609046459197998,33.66822052001953,0.16426466405391693,38.933414459228516,0.25888386368751526,31.05824089050293,0.16215920448303223,30.260534286499023,0.16212381422519684
74,0.7183205485343933,856.4481811523438,24.53095054626465,24.64397621154785,1006.9405763363902,0.0871908888220787,0.49903878569602966,0.5261960625648499,0.7272224426269531,2910.782958984375,26.579418182373047,27.44978141784668,3081.8517811517295,0.08770222961902618,2.6591053009033203,0.9931127429008484,43.81966781616211,0.24955008924007416,34.3104133605957,0.1536349505186081,33.60989761352539,0.16089092195034027,38.94513702392578,0.2597372531890869,31.02997589111328,0.16270235180854797,30.267702102661133,0.16240888833999634
75,0.691630482673645,824.9171142578125,25.091766357421875,25.112842559814453,978.1537296812703,0.08737023174762726,0.5713192820549011,0.508222758769989,0.685973584651947,178.3594207763672,28.015148162841797,27.677326202392578,349.23444300877475,0.08773894608020782,1.108438491821289,0.7429699897766113,43.818050384521484,0.26070818305015564,34.29994201660156,0.16357645392417908,33.614749908447266,0.16182821989059448,38.97504806518555,0.2594210207462311,31.03253173828125,0.16202662885189056,30.282398223876953,0.16202180087566376
76,0.6921838521957397,882.142578125,24.893217086791992,24.905284881591797,1034.8327436887564,0.08715427666902542,0.47896528244018555,0.3864925503730774,0.6977729797363281,207.74667358398438,27.702293395996094,27.8135929107666,379.51795658135563,0.08829202502965927,1.7856948375701904,1.1600853204727173,43.79935836791992,0.2605520188808441,34.299644470214844,0.15915420651435852,33.60084533691406,0.16373682022094727,39.11305618286133,0.2592467963695526,31.10009002685547,0.1625843495130539,30.34158706665039,0.16209374368190765
77,0.6959948539733887,858.2634887695312,25.040576934814453,25.090469360351562,1011.1349389198763,0.08708546310663223,0.4174388647079468,0.3871755003929138,0.6989896297454834,85.65540313720703,26.12135887145996,26.301122665405273,253.67326065159443,0.08778820931911469,1.6106423139572144,0.5457006692886353,43.91801452636719,0.259921133518219,34.326377868652344,0.1646193265914917,33.667022705078125,0.16583019495010376,38.935935974121094,0.2594914436340332,31.01446533203125,0.1624145805835724,30.25766372680664,0.1623004972934723
78,0.7050001621246338,3065.749267578125,25.075220108032227,25.11715316772461,3216.658994986233,0.08721484988927841,0.4409845769405365,0.37349382042884827,0.7217854857444763,7193.22802734375,31.95315170288086,29.9554386138916,7374.242621732508,0.08781520277261734,3.24525785446167,1.5684237480163574,43.81367874145508,0.25386324524879456,34.30646896362305,0.16188395023345947,33.6126823425293,0.16152355074882507,38.92970657348633,0.2597680389881134,31.009592056274414,0.16240188479423523,30.25660514831543,0.1623748391866684
79,0.7066033482551575,3414.891845703125,24.631389617919922,24.709932327270508,3568.3436250232517,0.08737645298242569,0.49070653319358826,0.45234280824661255,0.7077837586402893,412.4627685546875,27.566579818725586,29.102069854736328,586.4623029728856,0.08768084645271301,4.231343746185303,0.14754441380500793,43.808326721191406,0.25576773285865784,34.298648834228516,0.16537988185882568,33.60750198364258,0.1600029468536377,38.97392272949219,0.25942036509513855,31.035381317138672,0.16214343905448914,30.28388786315918,0.16231265664100647
80,0.6937079429626465,206.13160705566406,24.62030601501465,24.703245162963867,357.5770593524943,0.08704430609941483,0.2715211510658264,0.253531813621521,0.6803897023200989,262.3387756347656,30.69260597229004,32.0316276550293,444.5810989987675,0.08769594877958298,4.965154647827148,0.7278006076812744,44.04640579223633,0.2587027847766876,34.3320426940918,0.16767746210098267,33.71670150756836,0.16258099675178528,38.926856994628906,0.25913292169570923,31.009496688842773,0.1620529145002365,30.25457191467285,0.16203171014785767
81,0.6639914512634277,2369.527587890625,24.86859703063965,24.883176803588867,2519.149704448361,0.08734005689620972,0.3265669643878937,0.29306134581565857,0.6634108424186707,6180.0751953125,26.744333267211914,28.26042366027832,6351.867303786687,0.08778462558984756,2.722572088241577,0.5187711715698242,43.794769287109375,0.2594619691371918,34.2939453125,0.16610588133335114,33.6058464050293,0.16175465285778046,38.9449462890625,0.2594907581806183,31.010433197021484,0.1628006100654602,30.261844635009766,0.1621013581752777
82,0.6277951002120972,1368.8094482421875,24.606718063354492,24.594236373901367,1513.9947633919796,0.08744487911462784,0.340739905834198,0.31238827109336853,0.6545524597167969,10456.4326171875,30.027429580688477,32.81864547729492,10643.237137218292,0.1165689155459404,9.591650009155273,1.5355967283248901,43.83308029174805,0.25064775347709656,34.29764175415039,0.16231611371040344,33.608070373535156,0.1650640368461609,39.02207565307617,0.25997763872146606,31.01679229736328,0.1624891310930252,30.284032821655273,0.16200441122055054
83,0.6466901898384094,3341.685791015625,24.61846351623535,24.607892990112305,3494.7318342923477,0.0879947617650032,0.5547797083854675,0.4657824635505676,0.6443442106246948,859.0234375,28.634477615356445,29.779306411743164,1036.4917020721755,0.08766315877437592,3.161395311355591,0.9175004959106445,44.5116081237793,0.26393410563468933,34.3223991394043,0.1646464467048645,33.78623580932617,0.16662801802158356,38.949459075927734,0.2590281367301941,31.00585174560547,0.16244658827781677,30.257741928100586,0.16217713057994843
84,0.6288048624992371,4194.30908203125,24.75098991394043,24.761974334716797,4347.766759606813,0.08720190823078156,0.37086498737335205,0.33430543541908264,0.5938223004341125,1122.6865234375,25.40521240234375,29.14419174194336,1294.6697488780792,0.08780331164598465,3.5388870239257812,0.7706005573272705,43.877716064453125,0.25275561213493347,34.302696228027344,0.16504302620887756,33.62580871582031,0.15795063972473145,38.95213317871094,0.25965097546577454,31.008346557617188,0.16248153150081635,30.259931564331055,0.16242006421089172
85,0.5770562291145325,1339.4237060546875,24.80728530883789,24.78534698486328,1486.1493472528587,0.08885163813829422,0.3178867995738983,0.28517356514930725,0.6014757752418518,7944.97509765625,27.811311721801758,32.412071228027344,8132.446914922366,0.12569086253643036,7.344368934631348,5.699357986450195,43.81327819824219,0.25563597679138184,34.31085968017578,0.16020263731479645,33.61583709716797,0.1612939089536667,39.12497329711914,0.2588949203491211,31.00804328918457,0.16275131702423096,30.273712158203125,0.16210626065731049
86,0.5915213227272034,1483.1605224609375,24.731279373168945,24.696880340576172,1634.233551535388,0.09001774340867996,0.2908271551132202,0.24606043100357056,0.5779612064361572,3508.48681640625,25.471786499023438,27.984891891479492,3682.0184904022535,0.08771815150976181,3.270780324935913,0.6230558156967163,45.11321258544922,0.2520131766796112,35.0226936340332,0.160523921251297,34.36650848388672,0.15891847014427185,38.96602249145508,0.2596127986907959,31.004640579223633,0.16253365576267242,30.252538681030273,0.16231703758239746
87,0.5564275979995728,2453.076171875,24.46134376525879,24.48311424255371,2603.1537080420317,0.08744120597839355,0.2988511621952057,0.2633296847343445,0.5473049283027649,3240.56787109375,24.909393310546875,25.950313568115234,3405.697848491549,0.08807528764009476,0.4039594829082489,0.64723140001297,43.832801818847656,0.25787320733070374,34.330291748046875,0.16014651954174042,33.63352584838867,0.16150283813476562,39.024234771728516,0.25861239433288574,31.030797958374023,0.16250090301036835,30.277664184570312,0.1619502454996109
88,0.5362011194229126,2334.6005859375,24.488039016723633,24.47688865661621,2486.451510392538,0.09366557002067566,0.29693612456321716,0.2958640456199646,0.5395293235778809,1673.46630859375,26.089860916137695,27.97756004333496,1844.5994836707284,0.08828094601631165,2.459705352783203,0.3690785765647888,43.80802536010742,0.26506927609443665,34.31380844116211,0.16661213338375092,33.6233024597168,0.1631510704755783,39.350303649902344,0.2590804994106293,31.082860946655273,0.16234128177165985,30.338577270507812,0.16221219301223755
89,0.5161095857620239,1576.0799560546875,24.25897216796875,24.231748580932617,1726.6462534614009,0.08716818690299988,0.25057947635650635,0.24140715599060059,0.49088025093078613,3198.67724609375,24.539142608642578,29.23597526550293,3374.136802945247,0.08775322884321213,5.8594255447387695,0.461313933134079,43.998199462890625,0.2669321596622467,34.31987762451172,0.1634432077407837,33.632198333740234,0.1624630093574524,38.97957229614258,0.259096622467041,31.005569458007812,0.1623740792274475,30.25151824951172,0.16222205758094788
90,0.5400920510292053,4737.443359375,23.99142074584961,24.271038055419922,4887.859612351629,0.08760587871074677,0.2955746352672577,0.275855153799057,0.5902423858642578,5930.4609375,23.777917861938477,26.019088745117188,6095.803606320427,0.08772216737270355,2.040513515472412,0.8504536151885986,43.82577133178711,0.2526718080043793,34.311153411865234,0.1591452956199646,33.6214485168457,0.15654607117176056,38.99900436401367,0.26010531187057495,31.221925735473633,0.16176022589206696,30.270322799682617,0.16225403547286987
91,0.6053786873817444,6664.25439453125,23.54633903503418,23.663944244384766,6808.216609546973,0.0880754217505455,0.40346282720565796,0.3593991696834564,0.6394630074501038,13482.3798828125,26.598417282104492,28.456317901611328,13653.769301542847,0.09612393379211426,2.140946388244629,0.9487423300743103,43.78732681274414,0.2664939761161804,34.2912483215332,0.16309583187103271,33.597713470458984,0.16259607672691345,38.99960708618164,0.2588854134082794,31.104278564453125,0.16236552596092224,30.250293731689453,0.16203035414218903
92,0.6169015765190125,6901.7470703125,24.687423706054688,24.740358352661133,7049.292060318748,0.08749950677156448,0.3167775273323059,0.29730287194252014,0.609797477722168,13810.0029296875,24.873693466186523,25.665489196777344,13974.007416142558,0.08768440783023834,1.413347840309143,0.14340852200984955,43.81441116333008,0.2629723846912384,34.30784606933594,0.1612258404493332,33.6175537109375,0.1581597775220871,38.95574951171875,0.25940176844596863,31.03072166442871,0.1623625010251999,30.25332260131836,0.162385031580925
93,0.5543087720870972,11578.1044921875,24.436084747314453,24.340641021728516,11726.117758696933,0.092620849609375,0.47889038920402527,0.36484915018081665,0.5440413355827332,20876.458984375,25.02389144897461,33.36448669433594,21054.303667125263,0.11537104099988937,5.216114044189453,1.9409204721450806,43.80350875854492,0.26380032300949097,34.305381774902344,0.16406549513339996,33.60654830932617,0.16659210622310638,39.758243560791016,0.2592127323150635,32.228179931640625,0.1624758243560791,30.26161003112793,0.16185115277767181
94,0.5405405759811401,4220.0068359375,23.302480697631836,23.349285125732422,4369.869645127454,0.09878628700971603,0.30405521392822266,0.2748027741909027,0.5415465831756592,2742.8291015625,23.910022735595703,31.246381759643555,2916.6738213689073,0.08847635984420776,3.905884027481079,0.29157236218452454,44.14092254638672,0.25110873579978943,34.61979293823242,0.15952178835868835,33.943702697753906,0.16003069281578064,39.00905990600586,0.26019954681396484,31.028432846069336,0.16266924142837524,30.267805099487305,0.16262726485729218
95,0.5359160304069519,1171.2586669921875,22.79054069519043,22.987430572509766,1319.2230465020987,0.08715914934873581,0.2562195956707001,0.23096604645252228,0.5286917686462402,778.677734375,22.6986083984375,27.65054702758789,946.2588750875221,0.08767054229974747,3.111771583557129,0.29270440340042114,43.85831832885742,0.25885358452796936,34.30181884765625,0.1583040952682495,33.599449157714844,0.16085182130336761,38.95667266845703,0.25927290320396423,31.01163673400879,0.16242137551307678,30.251022338867188,0.16215649247169495
96,0.524539053440094,2035.5628662109375,22.731225967407227,22.821317672729492,2182.423168901442,0.08742916584014893,0.248075470328331,0.22396521270275116,0.5146827101707458,4493.55419921875,22.658342361450195,27.36440086364746,4664.100296244432,0.08771863579750061,2.7083966732025146,0.27247992157936096,43.818904876708984,0.2578454315662384,34.31565475463867,0.15932928025722504,33.61705780029297,0.1618054211139679,39.01224899291992,0.25947001576423645,31.024263381958008,0.16227152943611145,30.252147674560547,0.16218015551567078
97,0.499160498380661,890.3865966796875,22.58622169494629,22.700044631958008,1037.803356472951,0.08715087175369263,0.26385655999183655,0.24002018570899963,0.4749753177165985,877.9141235351562,23.12193489074707,26.843021392822266,1043.9867443668518,0.0880437046289444,2.322814702987671,0.26717695593833923,44.109798431396484,0.2553424537181854,34.350643157958984,0.16002362966537476,33.616905212402344,0.16443216800689697,38.997032165527344,0.2591288089752197,31.018465042114258,0.16240407526493073,30.252763748168945,0.16212132573127747
98,0.43365058302879333,1062.7908935546875,22.534404754638672,22.616600036621094,1209.732051978921,0.08708662539720535,0.2553086280822754,0.185989648103714,0.3666648268699646,1463.98681640625,23.675819396972656,27.728862762451172,1631.5842632685567,0.08786346018314362,2.598219633102417,0.33480849862098694,43.839988708496094,0.2551034390926361,34.31737518310547,0.16341528296470642,33.61531448364258,0.16491718590259552,38.99197769165039,0.25924578309059143,31.01380157470703,0.16223309934139252,30.250207901000977,0.16214925050735474
99,0.30946817994117737,2487.60986328125,22.59235191345215,22.573999404907227,2632.878957841981,0.08750829845666885,0.25965073704719543,0.21778646111488342,0.22505059838294983,8355.9169921875,22.78106689453125,26.741809844970703,8532.132529703777,0.08773820102214813,3.324132204055786,0.44256529211997986,43.921836853027344,0.25918447971343994,34.30939483642578,0.16127674281597137,33.62783432006836,0.1611279845237732,39.1221809387207,0.2592576742172241,31.115840911865234,0.16247811913490295,30.33135223388672,0.16213051974773407