epoch,baseline_loss,disparity_loss,fx3_loss,fy3_loss,loss,pitch_loss,u0_loss,v0_loss,val_baseline_loss,val_disparity_loss,val_fx3_loss,val_fy3_loss,val_loss,val_pitch_loss,val_u0_loss,val_v0_loss,val_xWorld_loss,val_x_loss,val_yWorld_loss,val_y_loss,val_zWorld_loss,val_z_loss,xWorld_loss,x_loss,yWorld_loss,y_loss,zWorld_loss,z_loss
0,0.6996491551399231,4.53468656539917,13.37096881866455,13.374406814575195,211.57735162479645,0.0870266780257225,75.00035858154297,2.8196403980255127,0.7008636593818665,66.89866638183594,469.8192138671875,365.6014099121094,1361.757189915815,0.08770088106393814,75.0,270.4667053222656,44.12443542480469,0.4020010530948639,34.12489700317383,0.45061978697776794,33.80741882324219,0.2495696097612381,39.36080551147461,0.4033623933792114,30.909406661987305,0.4490925967693329,30.532978057861328,0.2502252757549286
1,0.6998345851898193,4.277020454406738,9.357693672180176,9.30281925201416,201.6685658580852,0.08693142235279083,75.0,1.2582495212554932,0.7009720206260681,4.47584867477417,34.41727828979492,33.29010772705078,272.617752708579,0.08767776936292648,75.0,11.340460777282715,44.1976203918457,0.4020313620567322,34.20729446411133,0.45074743032455444,33.89789581298828,0.24958501756191254,39.25665283203125,0.4017135500907898,30.838058471679688,0.4490484595298767,30.462064743041992,0.25015464425086975
2,0.6998237371444702,4.194656848907471,9.752007484436035,9.729312896728516,201.96895774848164,0.08695477247238159,75.0,0.814378559589386,0.7007818818092346,4.415309429168701,25.98039436340332,26.40974235534668,253.494581946287,0.08768084645271301,75.0,7.802042484283447,44.1402473449707,0.40197715163230896,34.12910079956055,0.45056653022766113,33.80975341796875,0.24956536293029785,39.2526741027832,0.4016658663749695,30.835111618041992,0.44907259941101074,30.45916175842285,0.2501721680164337
3,0.6998724937438965,3.9243340492248535,7.49854850769043,7.470142364501953,197.07730412924494,0.08694791048765182,75.0,0.7162904739379883,0.7008598446846008,3.978555202484131,23.891511917114258,23.361549377441406,252.10128839200897,0.08770813047885895,75.0,11.85086727142334,44.12933349609375,0.40199732780456543,34.12431716918945,0.4506595730781555,33.80735397338867,0.24955864250659943,39.26223373413086,0.40170732140541077,30.844873428344727,0.4490993618965149,30.469257354736328,0.25020933151245117
4,0.6999107599258423,3.607173204421997,6.868669033050537,6.845898628234863,195.4465993163185,0.08692879229784012,75.0,0.6510480642318726,0.7009856700897217,19.595674514770508,831.4690551757812,803.8017578125,2463.473624738457,0.08767614513635635,75.0,616.7583618164062,44.14105224609375,0.402191698551178,34.13935470581055,0.4506470561027527,33.8201789855957,0.24956853687763214,39.2579345703125,0.40174511075019836,30.838359832763672,0.44913122057914734,30.462261199951172,0.25020214915275574
5,0.6998941898345947,3.5437679290771484,6.89260196685791,6.864030361175537,195.43224550368865,0.08696278929710388,75.0,0.6566363573074341,0.7010652422904968,4.662601470947266,13.882475852966309,14.1337251663208,223.7679382452175,0.08768312633037567,75.0,2.045046806335449,44.149749755859375,0.4022282660007477,34.14112091064453,0.45072513818740845,33.82028579711914,0.249605193734169,39.258323669433594,0.4017488360404968,30.83940315246582,0.44913530349731445,30.463212966918945,0.250156044960022
6,0.699824333190918,3.566967487335205,6.852319240570068,6.822476863861084,195.3029901633044,0.08693747967481613,75.0,0.5897606611251831,0.7010112404823303,4.126984596252441,8.960441589355469,8.897624969482422,215.28762821221503,0.08767353743314743,75.0,4.228474140167236,44.13401794433594,0.40216347575187683,34.13361358642578,0.4507124125957489,33.81547927856445,0.2496415376663208,39.25315475463867,0.401623398065567,30.835811614990234,0.4491267502307892,30.459697723388672,0.2501618564128876
7,0.6998394131660461,3.3553695678710938,6.170017242431641,6.136062145233154,143.62175351234566,0.08696001023054123,24.82994270324707,0.6416157484054565,0.7008820176124573,3.5230653285980225,13.450786590576172,13.412897109985352,147.3793650341234,0.08768082410097122,2.1182055473327637,0.8247770667076111,44.13033676147461,0.4020262360572815,34.12508010864258,0.4506610929965973,33.80807113647461,0.2495247721672058,39.266075134277344,0.40165257453918457,30.842327117919922,0.4491344690322876,30.465702056884766,0.2501429319381714
8,0.6998752951622009,3.2664124965667725,5.763089179992676,5.724902153015137,118.44336763092343,0.08695891499519348,0.724393367767334,0.49201640486717224,0.7008566856384277,3.7182846069335938,17.5535888671875,16.916709899902344,155.95815631858457,0.08766449987888336,2.6043317317962646,1.0906950235366821,44.65922546386719,0.4019779860973358,34.4030876159668,0.4506116807460785,34.036624908447266,0.24958719313144684,39.259056091308594,0.40172165632247925,30.83917236328125,0.4490925967693329,30.462696075439453,0.2501915991306305
9,0.6998275518417358,3.2970657348632812,5.793199062347412,5.761868953704834,118.17741589267727,0.08694981783628464,0.5059486031532288,0.34392833709716797,0.7008932828903198,4.1321563720703125,16.65717315673828,16.697656631469727,170.57308120567595,0.08771646022796631,12.645364761352539,6.346611022949219,44.13808822631836,0.40198248624801636,34.13138198852539,0.45068368315696716,33.81156921386719,0.24966944754123688,39.253360748291016,0.4016225039958954,30.836151123046875,0.44909873604774475,30.460451126098633,0.2502182126045227
10,0.6998358964920044,3.523238182067871,7.112102508544922,7.073591709136963,121.06027391815871,0.08695734292268753,0.4885341227054596,0.38829731941223145,0.7009606957435608,3.848092555999756,30.995983123779297,30.956253051757812,192.11594930204956,0.08771362155675888,6.107899188995361,6.101781845092773,44.130950927734375,0.40210434794425964,34.12693405151367,0.4506848156452179,33.8094482421875,0.24958571791648865,39.255775451660156,0.40163859724998474,30.837963104248047,0.44912075996398926,30.461544036865234,0.2501813769340515
11,0.6998017430305481,3.461416721343994,6.9986572265625,6.962673664093018,120.78034238446863,0.08693736791610718,0.5039719939231873,0.38325268030166626,0.7009433507919312,4.412508010864258,30.5253849029541,32.891963958740234,208.14184851496475,0.08770836889743805,14.795479774475098,11.410411834716797,44.13465118408203,0.4020332098007202,34.133174896240234,0.45077985525131226,33.813968658447266,0.24952416121959686,39.258209228515625,0.4016845226287842,30.838790893554688,0.4490322172641754,30.46225357055664,0.2501800060272217
12,0.6998482346534729,3.236049175262451,5.578834056854248,5.534307956695557,117.57650035710776,0.08693595975637436,0.42433395981788635,0.3308802545070648,0.7009493708610535,12.359389305114746,455.60357666015625,466.7627258300781,1819.302760486083,0.08769764006137848,390.19683837890625,378.2150573730469,44.129539489746094,0.40210938453674316,34.12797546386719,0.4505856931209564,33.81019973754883,0.2497352659702301,39.25876235961914,0.40167832374572754,30.83959197998047,0.4491276741027832,30.463592529296875,0.2501348555088043
13,0.6998703479766846,3.2106990814208984,5.563108444213867,5.534867763519287,117.48399323825888,0.08694150298833847,0.39236021041870117,0.3101678788661957,0.7009401917457581,4.172062397003174,238.77847290039062,238.2415008544922,905.3200323988557,0.08769692480564117,155.315673828125,153.77926635742188,44.13496780395508,0.40192916989326477,34.132667541503906,0.45079120993614197,33.81362533569336,0.24955546855926514,39.25801467895508,0.401749849319458,30.83975601196289,0.44908615946769714,30.4645938873291,0.2501493990421295
14,0.6998357176780701,3.1566267013549805,5.410668849945068,5.380259037017822,117.09393045334589,0.08694121986627579,0.36588791012763977,0.3024389445781708,0.7010158896446228,399.5313720703125,14875.3486328125,14352.70703125,52394.66968520702,0.08770477026700974,11392.1005859375,11210.076171875,44.15854263305664,0.40216052532196045,34.143211364746094,0.4507159888744354,33.823944091796875,0.24957001209259033,39.25504684448242,0.4017000198364258,30.837242126464844,0.44907307624816895,30.461105346679688,0.2501661777496338
15,0.6998285055160522,3.095566987991333,5.045145511627197,5.010901927947998,116.29182178603564,0.08694345504045486,0.35855817794799805,0.3131318688392639,0.7009387016296387,5.394436836242676,105.41256713867188,103.20494842529297,456.15087939248394,0.08766912668943405,65.9499740600586,61.80435562133789,44.13814163208008,0.40199044346809387,34.140499114990234,0.45072439312934875,33.822696685791016,0.24961239099502563,39.253135681152344,0.4016653895378113,30.835432052612305,0.4490506052970886,30.459199905395508,0.25022342801094055
16,0.699864387512207,3.2846462726593018,5.4571943283081055,5.43279504776001,117.44624159710962,0.08694346994161606,0.4007772207260132,0.3755333423614502,0.7009344696998596,4.5674262046813965,38.481815338134766,37.40787124633789,232.99660156697848,0.08765330165624619,19.420398712158203,18.974557876586914,44.147216796875,0.40197744965553284,34.136924743652344,0.4507511854171753,33.8189582824707,0.24962152540683746,39.27790832519531,0.4017212390899658,30.869922637939453,0.4490663707256317,30.49637222290039,0.27382388710975647
17,0.6998202204704285,3.383092164993286,5.404748439788818,5.39744758605957,117.31613314920787,0.08693844079971313,0.38069722056388855,0.2855510115623474,0.7010422348976135,4.414721965789795,29.833797454833984,29.717500686645508,195.3330895094002,0.08767753839492798,8.455693244934082,8.798200607299805,44.14899826049805,0.40205299854278564,34.14457321166992,0.45085853338241577,33.82518005371094,0.24956199526786804,39.26100540161133,0.40172016620635986,30.84178352355957,0.44901537895202637,30.46503257751465,0.2502007782459259
18,0.6998593807220459,3.3795628547668457,5.581075191497803,5.574265003204346,117.70663469285442,0.08694075793027878,0.37600550055503845,0.3274260461330414,0.7009699940681458,336.97760009765625,9326.509765625,9339.13671875,33720.46709741876,0.08766385912895203,7813.37939453125,6824.95947265625,44.141456604003906,0.40214887261390686,34.134769439697266,0.45064473152160645,33.8173828125,0.24961641430854797,39.259033203125,0.4016900360584259,30.840421676635742,0.4491136372089386,30.463645935058594,0.250151127576828
19,0.6998403668403625,3.3385517597198486,5.8262176513671875,5.829990863800049,118.09124695674214,0.08694146573543549,0.3459490239620209,0.2736637592315674,0.7010632753372192,3.7202868461608887,32.249000549316406,32.58984375,216.6661215312326,0.08767233043909073,18.332666397094727,15.615138053894043,44.13878631591797,0.40218743681907654,34.133609771728516,0.45074376463890076,33.81479263305664,0.24967877566814423,39.254478454589844,0.40169936418533325,30.83632469177246,0.44906720519065857,30.460063934326172,0.250186562538147
20,0.699867844581604,3.0924859046936035,4.739751815795898,4.747333526611328,115.62599682666541,0.08695346117019653,0.30429527163505554,0.26700472831726074,0.701035737991333,3.1531412601470947,7.313360214233398,7.619335174560547,137.74081386670127,0.08768920600414276,3.2606682777404785,2.3139750957489014,44.15210723876953,0.4020741283893585,34.16200637817383,0.4507715702056885,33.84721755981445,0.24968978762626648,39.2567138671875,0.4017240107059479,30.83912467956543,0.4491088390350342,30.463308334350586,0.2501620054244995
21,0.6998312473297119,3.0228450298309326,4.435272693634033,4.445567607879639,115.00251733003601,0.08697843551635742,0.3255447447299957,0.2984539568424225,0.7007611393928528,2.99391770362854,7.681646347045898,7.676398754119873,132.89053384393017,0.08767887204885483,0.21911607682704926,0.25949451327323914,44.13824462890625,0.4019719660282135,34.132652282714844,0.45057395100593567,33.81726837158203,0.24952493607997894,39.25826644897461,0.40168073773384094,30.838014602661133,0.4490557610988617,30.462175369262695,0.2502012252807617
22,0.6998769044876099,3.000776529312134,4.371411323547363,4.3746514320373535,114.79454800313589,0.08694689720869064,0.30100977420806885,0.27088385820388794,0.7010399103164673,3.040936231613159,9.110014915466309,8.994807243347168,137.35047858216228,0.0876665785908699,1.2444559335708618,0.9017611145973206,44.20872116088867,0.40214934945106506,34.19160842895508,0.4507507085800171,33.86649703979492,0.24956375360488892,39.2664794921875,0.40172141790390015,30.849525451660156,0.4491204023361206,30.474674224853516,0.25017407536506653
23,0.6998254656791687,2.936342716217041,4.288714408874512,4.289999008178711,114.59613515574549,0.08694766461849213,0.33664441108703613,0.2679879665374756,0.7010161280632019,3.120380163192749,9.199214935302734,9.330646514892578,142.7715349401318,0.08768163621425629,3.220795154571533,3.814114809036255,44.141319274902344,0.40222468972206116,34.14176940917969,0.4506586492061615,33.82406234741211,0.24956893920898438,39.283050537109375,0.40163692831993103,30.851659774780273,0.4490911662578583,30.47539520263672,0.2501930594444275
24,0.6998887062072754,2.910395622253418,4.247162342071533,4.2489705085754395,114.44971532281839,0.08693990856409073,0.3021315336227417,0.27127909660339355,0.7010133266448975,3.645573616027832,335.4503479003906,338.093505859375,1228.969889310121,0.08774150907993317,211.3672332763672,224.9695587158203,44.49825668334961,0.4021638333797455,34.429100036621094,0.450682669878006,34.0601921081543,0.2496863603591919,39.28691864013672,0.4017057716846466,30.86948585510254,0.4491178095340729,30.490873336791992,0.2502100467681885
25,0.6998673677444458,2.9291088581085205,4.24090051651001,4.243232250213623,114.43604276987848,0.08694463223218918,0.2765863537788391,0.27384060621261597,0.7009497880935669,4.596066474914551,59.97721862792969,59.06614303588867,296.4458416408963,0.08770520240068436,28.05729866027832,30.493467330932617,44.13605499267578,0.40218693017959595,34.13252639770508,0.45056816935539246,33.81538391113281,0.2496289312839508,39.256370544433594,0.40173423290252686,30.838157653808594,0.44908273220062256,30.461816787719727,0.2501969039440155
26,0.6998580098152161,2.923055648803711,4.2568159103393555,4.259250640869141,114.49894168164852,0.08693866431713104,0.2942279279232025,0.28891226649284363,0.7010664343833923,4.017969608306885,30.373489379882812,30.7558536529541,205.76127881703886,0.08768226206302643,12.123297691345215,14.363150596618652,44.1379508972168,0.40216657519340515,34.13105392456055,0.45080044865608215,33.81285095214844,0.2496345341205597,39.36254119873047,0.4017104208469391,30.93153953552246,0.44909554719924927,30.558034896850586,0.25016361474990845
27,0.6998376250267029,2.8600387573242188,3.995944023132324,3.997354507446289,113.8623333926685,0.08695528656244278,0.2754257023334503,0.2589837312698364,0.7010197043418884,3.025743246078491,7.684699535369873,7.5684051513671875,134.1095094452864,0.08772435039281845,1.0806262493133545,0.6871175169944763,44.13517379760742,0.4022100567817688,34.13053512573242,0.4507130980491638,33.81157684326172,0.2496347874403,39.485260009765625,0.4017031490802765,31.01221466064453,0.4490565061569214,30.60575294494629,0.2502151429653168
28,0.6998568177223206,2.8703200817108154,3.930450439453125,3.930370569229126,113.77502894919945,0.08694792538881302,0.3016311526298523,0.27534112334251404,0.7009573578834534,2.979116678237915,13.427536010742188,13.362991333007812,144.37117780129614,0.08772291243076324,0.40407922863960266,0.13252291083335876,44.12620544433594,0.4020735025405884,34.12451934814453,0.45069488883018494,33.80784606933594,0.24958868324756622,39.25450897216797,0.4017431437969208,30.835647583007812,0.44905924797058105,30.459491729736328,0.25017625093460083
29,0.6998913884162903,2.9055497646331787,4.254154205322266,4.254636764526367,114.38841247969881,0.08695141226053238,0.27538245916366577,0.23232217133045197,0.7009758949279785,5.5592041015625,66.5541763305664,67.65609741210938,331.7331961097957,0.08770038187503815,43.74564743041992,33.9141731262207,44.13777160644531,0.40217673778533936,34.13395309448242,0.45061442255973816,33.81682205200195,0.24963867664337158,39.25534439086914,0.40177464485168457,30.83759880065918,0.44907453656196594,30.46215057373047,0.25019142031669617
30,0.6998865008354187,2.867398738861084,3.993232011795044,3.9937832355499268,113.81477979469814,0.08693969249725342,0.24697721004486084,0.23925688862800598,0.7009881138801575,2.983475923538208,7.335539817810059,7.37635612487793,132.93818441906816,0.08772715926170349,0.7804969549179077,0.4215886890888214,44.12958908081055,0.4021305441856384,34.128440856933594,0.45067688822746277,33.80972671508789,0.24966220557689667,39.270816802978516,0.4017495810985565,30.852022171020508,0.4490959644317627,30.474733352661133,0.2501789927482605
31,0.6998137831687927,2.8628110885620117,4.007694244384766,4.006885528564453,113.92273678980962,0.08694049715995789,0.30604085326194763,0.2710508704185486,0.7008464336395264,3.012603998184204,15.032999038696289,15.162701606750488,159.2220406138422,0.08773944526910782,6.609527111053467,5.36835241317749,44.13046646118164,0.40207016468048096,34.129886627197266,0.4505921006202698,33.811622619628906,0.2495104968547821,39.26191711425781,0.40170276165008545,30.841218948364258,0.4490601420402527,30.465349197387695,0.25014981627464294
32,0.6998015642166138,2.821802854537964,3.597618341445923,3.597308397293091,113.0629915756678,0.08696627616882324,0.29069679975509644,0.28408879041671753,0.70111483335495,3.3407647609710693,12.462596893310547,12.37559986114502,157.2073711339283,0.08766909688711166,8.23678207397461,6.732388019561768,44.1694221496582,0.4023832082748413,34.16032409667969,0.4506740868091583,33.841819763183594,0.2495812177658081,39.25505447387695,0.40166881680488586,30.8371524810791,0.4490604102611542,30.461091995239258,0.25017890334129333
33,0.6998994946479797,2.8554651737213135,3.6237666606903076,3.617532253265381,113.13550157161414,0.08693461865186691,0.3035992383956909,0.2586716413497925,0.7009871006011963,2.9108643531799316,10.01602840423584,9.95777702331543,137.55191585932639,0.08768171817064285,0.36050164699554443,0.2376078963279724,44.12968063354492,0.4020737409591675,34.128074645996094,0.45073482394218445,33.810272216796875,0.24966131150722504,39.266075134277344,0.40174996852874756,30.84308433532715,0.44912484288215637,30.466718673706055,0.2501883804798126
34,0.6998746395111084,2.778992176055908,3.537599802017212,3.533205509185791,112.8118847136656,0.08696342259645462,0.25191760063171387,0.23481105268001556,0.7009793519973755,4.182966232299805,11.623208045959473,17.817092895507812,151.93804128075047,0.08771678805351257,2.5297586917877197,1.7391692399978638,44.14543914794922,0.40222981572151184,34.135189056396484,0.45064279437065125,33.81781768798828,0.24959251284599304,39.254520416259766,0.40173080563545227,30.835546493530273,0.44905927777290344,30.459003448486328,0.25022178888320923
35,0.6998463869094849,2.7783734798431396,3.5136659145355225,3.509035348892212,112.7892000354311,0.0869402289390564,0.25922533869743347,0.25604498386383057,0.7008362412452698,3.150491952896118,7.4559783935546875,7.45906925201416,134.34953369524493,0.08764228969812393,1.0919318199157715,1.1290535926818848,44.13831329345703,0.4018213450908661,34.132080078125,0.45072853565216064,33.813236236572266,0.24961364269256592,39.253662109375,0.4016946256160736,30.836097717285156,0.4490722119808197,30.460390090942383,0.250204861164093
36,0.6998107433319092,2.7488622665405273,3.4272513389587402,3.4254403114318848,112.55852683342371,0.08694010972976685,0.2577721178531647,0.22609907388687134,0.7010250091552734,3.1031105518341064,19.014928817749023,19.245086669921875,176.63081593383532,0.08770524710416794,10.659055709838867,10.493355751037598,44.157203674316406,0.4022379219532013,34.16594696044922,0.4506882429122925,33.84954833984375,0.24961642920970917,39.27031326293945,0.40164464712142944,30.84886360168457,0.449066698551178,30.471263885498047,0.2502002716064453
37,0.6998307108879089,2.8667147159576416,3.5346553325653076,3.531869888305664,112.91524783234712,0.08694371581077576,0.2652297616004944,0.24626699090003967,0.7008893489837646,2.8726038932800293,5.326707363128662,5.323184013366699,130.85009589685083,0.08771217614412308,1.3236547708511353,1.9344974756240845,44.13212966918945,0.40222129225730896,34.128196716308594,0.4505140781402588,33.80940628051758,0.2495201975107193,39.25595474243164,0.4017074406147003,30.83890724182129,0.4490658640861511,30.46295738220215,0.25017309188842773
38,0.699825644493103,2.7675585746765137,3.349123954772949,3.3420679569244385,112.43375745912125,0.0869254469871521,0.2807699143886566,0.2341713011264801,0.7009444236755371,2.909938097000122,9.382258415222168,9.50301742553711,141.70210569369718,0.08768551796674728,2.9968111515045166,2.8398990631103516,44.2095947265625,0.4020470976829529,34.164649963378906,0.45069560408592224,33.84735107421875,0.24966265261173248,39.25898742675781,0.40166717767715454,30.840845108032227,0.44909632205963135,30.464496612548828,0.2501574158668518
39,0.699880063533783,2.7457571029663086,3.3439176082611084,3.336838722229004,112.38768175095989,0.08693298697471619,0.2510988414287567,0.23709586262702942,0.7008535265922546,3.0279347896575928,19.320526123046875,19.258100509643555,159.6108247800943,0.08768808096647263,2.175865411758423,1.7491244077682495,44.13422393798828,0.4019456207752228,34.132537841796875,0.45065048336982727,33.815486907958984,0.2496495395898819,39.25804901123047,0.4017889201641083,30.838647842407227,0.4490375220775604,30.46251106262207,0.25020280480384827
40,0.6998031735420227,2.7562038898468018,3.286511182785034,3.280963659286499,112.2999465106097,0.08694920688867569,0.2693830132484436,0.23428276181221008,0.7010425329208374,2.8957533836364746,9.804777145385742,9.702461242675781,141.75394126524216,0.08772511035203934,2.998969078063965,2.282078266143799,44.14168930053711,0.40223509073257446,34.141292572021484,0.45070210099220276,33.8242073059082,0.24958018958568573,39.33663558959961,0.40162044763565063,30.896486282348633,0.44906681776046753,30.513839721679688,0.25021088123321533
41,0.6998291611671448,2.7314116954803467,3.2471330165863037,3.2396388053894043,112.17987762135851,0.08693783730268478,0.25846976041793823,0.22739452123641968,0.7010306119918823,7.177399635314941,11.299778938293457,12.816449165344238,149.57452565319133,0.08770987391471863,2.231489896774292,1.9683494567871094,44.13105010986328,0.40217313170433044,34.12830352783203,0.45073962211608887,33.81148147583008,0.24964314699172974,39.25593948364258,0.4016812741756439,30.83717155456543,0.44906851649284363,30.46170425415039,0.25020280480384827
42,0.6998443007469177,2.6991095542907715,3.1530842781066895,3.144533395767212,111.91030878579413,0.08693569898605347,0.22904404997825623,0.2273065149784088,0.7010637521743774,3.4206807613372803,11.3092041015625,11.011276245117188,147.80236940044028,0.08765523880720139,4.292325019836426,3.690582275390625,44.13344955444336,0.4022502303123474,34.13038635253906,0.4507431983947754,33.81194305419922,0.24956513941287994,39.26228332519531,0.40170615911483765,30.84268569946289,0.44906699657440186,30.466381072998047,0.25018826127052307
43,0.6998119950294495,2.6960535049438477,3.133194923400879,3.120593547821045,111.86991288287085,0.0869346484541893,0.2362033575773239,0.210311621427536,0.7009851336479187,3.0351712703704834,6.397470951080322,6.398210525512695,134.23729726283554,0.0876786857843399,2.4486587047576904,1.8931264877319336,44.13309860229492,0.40207722783088684,34.12799072265625,0.45075714588165283,33.81074523925781,0.24955861270427704,39.25273513793945,0.4016522467136383,30.83578109741211,0.44907528162002563,30.459718704223633,0.25014325976371765
44,0.6998175978660583,2.692931890487671,3.106405019760132,3.0928046703338623,111.7925959639365,0.08695897459983826,0.24386274814605713,0.18785983324050903,0.7009753584861755,4.576230525970459,8.256258010864258,8.099613189697266,141.2520215944174,0.08768665045499802,3.7040419578552246,2.539910078048706,44.13944625854492,0.4021819829940796,34.1402473449707,0.45065364241600037,33.82301712036133,0.24960942566394806,39.28254699707031,0.40167516469955444,30.849531173706055,0.44906336069107056,30.469881057739258,0.2501915991306305
45,0.6998595595359802,2.653773784637451,2.962100028991699,2.946958065032959,111.48188623529452,0.08694755285978317,0.23288865387439728,0.21409356594085693,0.7009787559509277,10.49069595336914,65.37712097167969,64.7363510131836,366.46102603936345,0.08771292120218277,59.616127014160156,52.024723052978516,44.14479446411133,0.40212753415107727,34.144874572753906,0.45061948895454407,33.829288482666016,0.24972906708717346,39.258209228515625,0.4016927182674408,30.837778091430664,0.44911202788352966,30.46205711364746,0.2502082288265228
46,0.6998307108879089,2.6831142902374268,3.085381507873535,3.072676658630371,111.71610078631707,0.0869264081120491,0.21552570164203644,0.19614969193935394,0.7008769512176514,4.86396598815918,30.86332130432129,30.893360137939453,183.73589382211617,0.08769040554761887,1.9081776142120361,1.1438559293746948,44.15313720703125,0.4021652638912201,34.14653778076172,0.45055243372917175,33.82676315307617,0.24954238533973694,39.35946273803711,0.4017018675804138,30.90115737915039,0.4490509331226349,30.526927947998047,0.25017842650413513
47,0.6997866630554199,2.76601243019104,3.268080472946167,3.252201795578003,112.18939372814141,0.08694658428430557,0.22800762951374054,0.20056021213531494,0.7009887099266052,8.953630447387695,15.561749458312988,16.902729034423828,162.40266820879603,0.08771458268165588,2.7346577644348145,4.16148042678833,44.19456481933594,0.40222272276878357,34.166446685791016,0.4506380558013916,33.84143829345703,0.2495812624692917,39.25336456298828,0.40164443850517273,30.835824966430664,0.44902747869491577,30.45968246459961,0.250182569026947
48,0.69986891746521,2.6202549934387207,2.8431947231292725,2.8332138061523438,111.15759228126272,0.08694185316562653,0.19327318668365479,0.19535228610038757,0.7009658217430115,4.473966121673584,12.768732070922852,12.864713668823242,149.04055592598905,0.08767473697662354,1.1318873167037964,3.7255361080169678,44.13114547729492,0.4021250009536743,34.12860870361328,0.450633704662323,33.810787200927734,0.24958732724189758,39.25996780395508,0.40170779824256897,30.84002685546875,0.4490806758403778,30.46495246887207,0.25021010637283325
49,0.6998319625854492,2.614938259124756,2.8499248027801514,2.8393218517303467,111.17804258128918,0.08693000674247742,0.20157547295093536,0.19952726364135742,0.7009157538414001,16.892990112304688,8.60354232788086,8.05856704711914,169.02464488607282,0.08767285943031311,7.260571479797363,14.098233222961426,44.13283157348633,0.4020414352416992,34.12661361694336,0.4506630003452301,33.808555603027344,0.24959523975849152,39.25779724121094,0.4016534686088562,30.83882713317871,0.4490751624107361,30.46245574951172,0.25021618604660034
50,0.6998034119606018,2.6249642372131348,2.875253438949585,2.8659088611602783,111.29829152288035,0.08695577085018158,0.23039765655994415,0.20130185782909393,0.7009081840515137,7.462949275970459,16.448604583740234,17.520217895507812,162.36849797726677,0.08770010620355606,2.823927402496338,4.025064468383789,44.13838577270508,0.40201330184936523,34.1339225769043,0.4506317973136902,33.81613540649414,0.24962890148162842,39.26849365234375,0.4214005768299103,30.841182708740234,0.4490402042865753,30.463869094848633,0.2501451373100281
51,0.6998423933982849,2.592998743057251,2.7634825706481934,2.753321409225464,110.98269749630279,0.08694106340408325,0.20325665175914764,0.1975318044424057,0.700951099395752,6.856656551361084,11.972527503967285,12.304174423217773,150.64132058325555,0.08768948167562485,2.3077170848846436,3.1230785846710205,44.15839767456055,0.4021005928516388,34.14796447753906,0.450634628534317,33.832088470458984,0.24959327280521393,39.256195068359375,0.4016738831996918,30.837116241455078,0.4491145610809326,30.46046257019043,0.2501663863658905
52,0.6998515725135803,2.5835587978363037,2.8018898963928223,2.7918968200683594,111.04464176860031,0.08695048093795776,0.19549016654491425,0.2019008994102478,0.7010677456855774,3.0203800201416016,7.236274242401123,7.542815208435059,136.8037529071672,0.08765418827533722,2.4572441577911377,2.47758150100708,44.38080978393555,0.4020962119102478,34.3427619934082,0.4507865905761719,33.99967575073242,0.24971982836723328,39.25546646118164,0.40170565247535706,30.836103439331055,0.449070006608963,30.46050453186035,0.25022175908088684
53,0.6998517513275146,2.6049530506134033,2.923088788986206,2.91133189201355,111.35063870507966,0.08694016188383102,0.2213355153799057,0.21405130624771118,0.7008480429649353,4.257493495941162,6.923158168792725,7.113234519958496,138.44236017223173,0.08765961229801178,3.242887020111084,2.825502634048462,44.14085388183594,0.40196406841278076,34.134559631347656,0.45067110657691956,33.81610870361328,0.24959172308444977,39.25843811035156,0.4017409384250641,30.839284896850586,0.4490712583065033,30.462677001953125,0.2501556873321533
54,0.6998419165611267,2.598806619644165,2.8613429069519043,2.8526852130889893,111.18217197908331,0.08695904165506363,0.20977498590946198,0.20228645205497742,0.7010816335678101,3.5156409740448,16.76886558532715,16.568710327148438,169.4376216096698,0.08768919110298157,10.487298965454102,7.983278274536133,44.137638092041016,0.4023194909095764,34.13510513305664,0.45065101981163025,33.81789016723633,0.24961917102336884,39.257171630859375,0.40172597765922546,30.83721160888672,0.44907209277153015,30.46132469177246,0.25016215443611145
55,0.6998276114463806,2.6135318279266357,2.8961713314056396,2.8873701095581055,111.27671813964844,0.08693954348564148,0.21554845571517944,0.18953575193881989,0.7010341882705688,4.065228462219238,12.445392608642578,13.339249610900879,150.23552125814825,0.08772541582584381,2.7310144901275635,3.6341373920440674,44.142791748046875,0.40210622549057007,34.133968353271484,0.45064565539360046,33.81588363647461,0.24978315830230713,39.2674674987793,0.4016701281070709,30.843141555786133,0.4490883946418762,30.466455459594727,0.25020134449005127
56,0.6999293565750122,2.586918354034424,2.799952983856201,2.793666124343872,111.03002519770345,0.08696248382329941,0.20166760683059692,0.18469582498073578,0.701050877571106,2.876680374145508,8.459643363952637,8.24767017364502,138.11791953160827,0.08767692744731903,2.869399070739746,1.5983028411865234,44.1802864074707,0.4023565649986267,34.1500244140625,0.4505760371685028,33.826805114746094,0.24957288801670074,39.26215362548828,0.40184763073921204,30.840604782104492,0.44906604290008545,30.464397430419922,0.25018319487571716
57,0.6998419761657715,2.5602805614471436,2.6254563331604004,2.618175983428955,110.66026860088887,0.08694591373205185,0.19966866075992584,0.18074855208396912,0.7008646726608276,2.982532262802124,11.9884033203125,12.227032661437988,147.8094907684646,0.08765240013599396,3.7401885986328125,3.019397258758545,44.144561767578125,0.4020017683506012,34.13605499267578,0.45063307881355286,33.81708526611328,0.24955174326896667,39.2527961730957,0.4016646444797516,30.83573341369629,0.44910958409309387,30.45987319946289,0.25019752979278564
58,0.6998637914657593,2.5128040313720703,2.596374273300171,2.5887889862060547,110.55109098559548,0.08694791048765182,0.19250139594078064,0.18962492048740387,0.7008640170097351,2.799994945526123,3.992286443710327,3.9783549308776855,125.90038284685626,0.08766771852970123,0.5599842667579651,0.5033294558525085,44.128753662109375,0.4020707607269287,34.128963470458984,0.4505671560764313,33.8111572265625,0.2496115267276764,39.256256103515625,0.40172260999679565,30.83702278137207,0.4490860104560852,30.46104621887207,0.25018882751464844
59,0.6998661756515503,2.524109125137329,2.6050729751586914,2.598485231399536,110.60851630718989,0.08695468306541443,0.21028542518615723,0.19418418407440186,0.7007696628570557,2.929718017578125,13.0982666015625,13.022870063781738,148.92187552142192,0.08767508715391159,3.3530399799346924,2.450453042984009,44.130733489990234,0.40181154012680054,34.125911712646484,0.45064565539360046,33.807987213134766,0.24963267147541046,39.2580451965332,0.4017075300216675,30.840190887451172,0.4491002857685089,30.464611053466797,0.25017982721328735
60,0.699840784072876,2.4896342754364014,2.551694869995117,2.5459976196289062,110.4064494617116,0.08693788200616837,0.18297481536865234,0.16997164487838745,0.7010299563407898,2.882784366607666,11.276061058044434,11.307367324829102,142.060070359332,0.08768144994974136,1.3699983358383179,1.1573612689971924,44.14140701293945,0.4020386040210724,34.136863708496094,0.45085233449935913,33.81917953491211,0.24960188567638397,39.2550048828125,0.4017270505428314,30.83660888671875,0.4490739703178406,30.460527420043945,0.2501585781574249
61,0.6998463869094849,2.498300075531006,2.5270302295684814,2.522001028060913,110.40590038865082,0.08694352954626083,0.19612915813922882,0.18939340114593506,0.7009080648422241,2.813416004180908,5.779941558837891,5.716932773590088,133.45033264799937,0.08767546713352203,2.809831142425537,2.3173141479492188,44.13333511352539,0.40201371908187866,34.134613037109375,0.45063599944114685,33.817230224609375,0.24973323941230774,39.25859451293945,0.4017058312892914,30.839414596557617,0.4490719139575958,30.463712692260742,0.2501775920391083
62,0.6998649835586548,2.4393553733825684,2.408673048019409,2.405294418334961,110.09143265812438,0.08693552762269974,0.18351979553699493,0.18266429007053375,0.7008957266807556,3.3198325634002686,16.394710540771484,16.485727310180664,166.13265938109072,0.08767212927341461,8.39876937866211,7.433120250701904,44.14473342895508,0.4021190404891968,34.13711166381836,0.4505831003189087,33.81771469116211,0.24962343275547028,39.25754165649414,0.40176084637641907,30.837814331054688,0.4490337073802948,30.461383819580078,0.2501944899559021
63,0.6998851299285889,2.428988456726074,2.426543712615967,2.424572229385376,110.11653481729375,0.08694305270910263,0.17188061773777008,0.18897394835948944,0.7010819911956787,2.8591809272766113,6.880228042602539,6.827719211578369,134.10973336721617,0.08767463266849518,1.7919433116912842,1.673525333404541,44.15351486206055,0.4021802246570587,34.14429473876953,0.4508100152015686,33.82914733886719,0.24958926439285278,39.260738372802734,0.4017672836780548,30.839487075805664,0.44908028841018677,30.463171005249023,0.2501910924911499
64,0.6998174786567688,2.4401299953460693,2.5122504234313965,2.510462522506714,110.3450404534764,0.08693596720695496,0.21796324849128723,0.1886790692806244,0.7008906602859497,2.8143422603607178,8.129054069519043,8.015460968017578,134.68403266570854,0.08768955618143082,0.895631730556488,0.7656822800636292,44.13759994506836,0.40199947357177734,34.12971496582031,0.4506610631942749,33.811702728271484,0.2496505081653595,39.2615966796875,0.4016755521297455,30.841655731201172,0.44908636808395386,30.46665382385254,0.2501716613769531
65,0.6998850703239441,2.4358928203582764,2.3849852085113525,2.3833024501800537,110.02580217085544,0.08696244657039642,0.17596566677093506,0.1699386090040207,0.7010247707366943,2.902355432510376,4.959383010864258,4.9090046882629395,130.41594447809695,0.0876869410276413,1.7938812971115112,1.7775135040283203,44.13844299316406,0.40206003189086914,34.13214111328125,0.4508020877838135,33.813232421875,0.24959737062454224,39.25564193725586,0.4017854928970337,30.838075637817383,0.44907107949256897,30.46217155456543,0.2501761019229889
66,0.6999531984329224,2.4193084239959717,2.351483106613159,2.3521764278411865,109.99220027597981,0.08693896979093552,0.215534970164299,0.17973005771636963,0.7009804844856262,4.313174247741699,40.32288360595703,40.05354690551758,236.29535585479417,0.08772736042737961,20.426679611206055,16.991802215576172,44.13434600830078,0.4022892117500305,34.132179260253906,0.4505709707736969,33.81467056274414,0.24955402314662933,39.26107406616211,0.40180209279060364,30.841176986694336,0.44914647936820984,30.464765548706055,0.2502124309539795
67,0.6999136209487915,2.415954113006592,2.3367061614990234,2.3391189575195312,109.93293003791747,0.08692818880081177,0.19871391355991364,0.1670173853635788,0.7011017203330994,2.932882785797119,16.177526473999023,16.118085861206055,152.54715162233236,0.08771495521068573,1.861464262008667,1.4195290803909302,44.14018249511719,0.4022858440876007,34.133819580078125,0.4507209062576294,33.815006256103516,0.2497011423110962,39.2625732421875,0.40177100896835327,30.840435028076172,0.44912952184677124,30.464492797851562,0.250199556350708
68,0.6998369097709656,2.4334425926208496,2.360610008239746,2.3634021282196045,110.00644919643076,0.08695800602436066,0.1936865597963333,0.17857851088047028,0.7009639739990234,3.087259531021118,8.3130521774292,8.13511848449707,143.08046877559127,0.0877000093460083,5.041196823120117,4.420015811920166,44.137794494628906,0.40209341049194336,34.13715744018555,0.4506432116031647,33.820316314697266,0.24966055154800415,39.25452423095703,0.4017382562160492,30.837074279785156,0.449054092168808,30.46048355102539,0.2501671612262726
69,0.6998076438903809,2.3801589012145996,2.384291172027588,2.3888473510742188,110.013979136012,0.08695032447576523,0.20087604224681854,0.18651032447814941,0.7009804248809814,3.3636929988861084,13.186189651489258,12.772825241088867,153.41917183034326,0.08770499378442764,5.5221943855285645,4.487369060516357,44.13333511352539,0.40199583768844604,34.134029388427734,0.4507423937320709,33.817073822021484,0.24965980648994446,39.252689361572266,0.4016818404197693,30.834426879882812,0.44903796911239624,30.45834732055664,0.2501891255378723
70,0.6998658180236816,2.3792192935943604,2.2773189544677734,2.2829267978668213,109.73380720304779,0.0869508907198906,0.16417096555233002,0.15774065256118774,0.7009811401367188,3.1598732471466064,12.5899019241333,12.490575790405273,153.73421488827879,0.08769159764051437,5.985939979553223,5.410083770751953,44.13333511352539,0.40210503339767456,34.132816314697266,0.4507133960723877,33.81553649902344,0.24967116117477417,39.25625991821289,0.4017709791660309,30.837705612182617,0.449055552482605,30.460939407348633,0.2501620948314667
71,0.6998794674873352,2.349116325378418,2.3283066749572754,2.3324451446533203,109.82445516937612,0.08693915605545044,0.16780705749988556,0.17186619341373444,0.7010582685470581,3.427919626235962,13.215032577514648,12.975525856018066,158.56476349260822,0.08767297863960266,7.920773983001709,6.919577598571777,44.13560485839844,0.40225082635879517,34.12842559814453,0.4507416784763336,33.8099250793457,0.2495439499616623,39.39374923706055,0.40179163217544556,30.921226501464844,0.44904205203056335,30.547677993774414,0.2501474916934967
72,0.6998384594917297,2.3677780628204346,2.2411773204803467,2.243989944458008,109.6872847167201,0.08692710846662521,0.18460749089717865,0.17654231190681458,0.7010244727134705,2.9482576847076416,6.1765241622924805,6.061406135559082,134.50601239154423,0.08770374208688736,2.788468599319458,2.457010507583618,44.23330307006836,0.4020273685455322,34.187862396240234,0.450802743434906,33.85606384277344,0.24967187643051147,39.26802444458008,0.4016403257846832,30.849990844726562,0.4491040110588074,30.47547149658203,0.2502260208129883
73,0.6998156905174255,2.3074333667755127,2.184609889984131,2.1891543865203857,109.49994481815911,0.08693477511405945,0.1804092824459076,0.16427479684352875,0.7009207606315613,2.820979118347168,6.131020545959473,6.238061904907227,132.5053945769304,0.08769255131483078,1.7110812664031982,1.5377756357192993,44.12910842895508,0.40205755829811096,34.12772750854492,0.45060667395591736,33.80988693237305,0.24963805079460144,39.2562370300293,0.401652991771698,30.838884353637695,0.4491155445575714,30.46337890625,0.2501376271247864
74,0.6998574137687683,2.3262128829956055,2.1732289791107178,2.1758997440338135,109.51265671585234,0.0869411900639534,0.18421925604343414,0.17847217619419098,0.7009198665618896,3.0994205474853516,7.715592861175537,7.6140313148498535,137.26217102594595,0.08770458400249481,2.4938559532165527,2.269052505493164,44.13066482543945,0.40194275975227356,34.12882995605469,0.4507003724575043,33.81022644042969,0.24967946112155914,39.26739501953125,0.4016445577144623,30.846973419189453,0.4491221010684967,30.471698760986328,0.2502119541168213
75,0.6998263001441956,2.325821876525879,2.3252220153808594,2.3316009044647217,109.81748005060709,0.08695460855960846,0.1925797462463379,0.17003530263900757,0.700974702835083,3.1584455966949463,8.452198028564453,8.31293773651123,143.4352457954199,0.08766151964664459,4.992228031158447,4.437821865081787,44.13307571411133,0.40207934379577637,34.127079010009766,0.45063358545303345,33.80989074707031,0.24967269599437714,39.25954055786133,0.4017087519168854,30.839445114135742,0.4490680396556854,30.46388053894043,0.2501527965068817
76,0.6998791098594666,2.3471977710723877,2.2903976440429688,2.293428659439087,109.73472763157491,0.08694564551115036,0.16018791496753693,0.17488819360733032,0.7010104656219482,2.938406467437744,16.510530471801758,16.670351028442383,151.07880458231992,0.08765669167041779,0.5057242512702942,0.3920603096485138,44.20866394042969,0.4021475613117218,34.183353424072266,0.45070767402648926,33.86088943481445,0.24964158236980438,39.25836944580078,0.40169164538383484,30.83836555480957,0.44911929965019226,30.462289810180664,0.25020653009414673
77,0.6998732686042786,2.3768136501312256,2.353343963623047,2.3575587272644043,109.92783579042337,0.08691927790641785,0.1896897405385971,0.17564652860164642,0.700960636138916,2.976252555847168,12.791962623596191,12.848723411560059,144.36844135020513,0.08771100640296936,0.7725499272346497,0.9237198829650879,44.15378189086914,0.40196698904037476,34.148040771484375,0.45066410303115845,33.82826614379883,0.24977776408195496,39.2583122253418,0.4017128348350525,30.83892250061035,0.44908958673477173,30.46302032470703,0.25024718046188354
78,0.6998242139816284,2.300417900085449,2.140610456466675,2.1462740898132324,109.39139636606112,0.08694418519735336,0.15935227274894714,0.1676204651594162,0.7008313536643982,2.909186840057373,4.839472770690918,4.886932373046875,129.68741114074578,0.08768963068723679,1.5402501821517944,1.442252516746521,44.13258361816406,0.4022078812122345,34.1263427734375,0.4504719078540802,33.808372497558594,0.24945597350597382,39.2537956237793,0.40167298913002014,30.83577537536621,0.4490872621536255,30.459835052490234,0.25015825033187866
79,0.6998834013938904,2.2482223510742188,2.099409341812134,2.1049916744232178,109.28391610391485,0.0869365856051445,0.17543703317642212,0.17937889695167542,0.7009388208389282,2.8875412940979004,4.360036373138428,4.27012300491333,128.25500506515024,0.08768380433320999,1.5804294347763062,1.0888266563415527,44.170753479003906,0.4020574986934662,34.158329010009766,0.45064085721969604,33.83937454223633,0.24965690076351166,39.25349807739258,0.40174421668052673,30.83588981628418,0.44907233119010925,30.459623336791992,0.25017720460891724
80,0.6998653411865234,2.2242562770843506,2.063833713531494,2.0685534477233887,109.17851053051122,0.0869414433836937,0.18977490067481995,0.15547525882720947,0.7010138630867004,3.2315781116485596,8.101301193237305,7.748898506164551,138.84199048568118,0.08766019344329834,2.2112362384796143,3.4734041690826416,44.15128707885742,0.40221837162971497,34.15098190307617,0.45065537095069885,33.83327102661133,0.24963624775409698,39.27537536621094,0.40172699093818665,30.84703826904297,0.44907546043395996,30.467683792114258,0.25018638372421265
81,0.6998363137245178,2.225635051727295,2.0868353843688965,2.091914176940918,109.1930390062358,0.0869542732834816,0.16519582271575928,0.166147381067276,0.7009056806564331,2.942762851715088,10.859278678894043,10.826774597167969,140.57050002635899,0.08772340416908264,0.8062950372695923,1.0577285289764404,44.13749694824219,0.40195703506469727,34.13302993774414,0.45071303844451904,33.814788818359375,0.24951903522014618,39.26142501831055,0.401681125164032,30.83877944946289,0.44908225536346436,30.46146583557129,0.25017496943473816
82,0.6998517513275146,2.2086753845214844,2.1073875427246094,2.112633466720581,109.2807416095031,0.08695419132709503,0.18853485584259033,0.1875137835741043,0.7008485794067383,2.904860734939575,7.528781414031982,7.813779354095459,138.63314983759787,0.08769386261701584,3.344705820083618,3.0197460651397705,44.125831604003906,0.40194225311279297,34.123531341552734,0.4506300687789917,33.80564880371094,0.24961970746517181,39.26243591308594,0.4017481803894043,30.84247589111328,0.4490601122379303,30.46524429321289,0.2501763701438904
83,0.6999202966690063,2.1602885723114014,2.0160181522369385,2.02006459236145,109.01773635987644,0.08694523572921753,0.17016395926475525,0.17615918815135956,0.7010149955749512,2.8448619842529297,5.219706058502197,5.356990814208984,131.92276535833906,0.08769679069519043,2.3611018657684326,2.0646891593933105,44.15772247314453,0.40201330184936523,34.14520263671875,0.4508073627948761,33.82432174682617,0.24967409670352936,39.271175384521484,0.4017880856990814,30.848806381225586,0.4491190016269684,30.47226333618164,0.2501901686191559
84,0.6998839378356934,2.2391321659088135,2.169015407562256,2.1735830307006836,109.38547071129592,0.08694146573543549,0.17298118770122528,0.15733233094215393,0.7011056542396545,3.1065680980682373,7.603230953216553,8.129429817199707,137.9953465795617,0.08768122643232346,2.574249744415283,2.5058164596557617,44.128273010253906,0.4021875560283661,34.125362396240234,0.45077770948410034,33.80730056762695,0.24965143203735352,39.269622802734375,0.40174755454063416,30.85107421875,0.4491043984889984,30.472877502441406,0.25018197298049927
85,0.6998333930969238,2.1570849418640137,1.993919849395752,1.9992884397506714,108.953611723839,0.08694066852331161,0.16937360167503357,0.15667995810508728,0.7008274793624878,3.0226569175720215,6.230073928833008,6.667705535888672,137.15967073100668,0.08766816556453705,3.7511978149414062,3.410593271255493,44.13414001464844,0.401876300573349,34.13206481933594,0.45072489976882935,33.814918518066406,0.24954712390899658,39.27052307128906,0.4016776382923126,30.858226776123047,0.44907861948013306,30.48363494873047,0.2501915991306305
86,0.699851393699646,2.150200605392456,2.0056312084198,2.010425090789795,108.97302692204259,0.08694863319396973,0.17108741402626038,0.16088631749153137,0.7009615302085876,3.105804920196533,5.4944281578063965,5.419075965881348,131.15454003356038,0.08770030736923218,1.676382064819336,1.3935027122497559,44.14192581176758,0.4019894003868103,34.13262939453125,0.45074862241744995,33.8162956237793,0.2496713548898697,39.254188537597656,0.40170425176620483,30.835468292236328,0.4490694999694824,30.459789276123047,0.2502119839191437
87,0.6998473405838013,2.173370122909546,2.1319191455841064,2.1385488510131836,109.26317688632632,0.08694658428430557,0.16570010781288147,0.17628197371959686,0.7009512782096863,3.26485538482666,15.158113479614258,15.521809577941895,156.34654113641574,0.08772075176239014,4.089396953582764,4.227270603179932,44.148040771484375,0.4020596742630005,34.14508819580078,0.4506753087043762,33.82478713989258,0.24966438114643097,39.25563049316406,0.4017188847064972,30.83621597290039,0.44910886883735657,30.460771560668945,0.25012850761413574
88,0.69983971118927,2.133291244506836,1.9754642248153687,1.9806630611419678,108.88603070954,0.08693401515483856,0.16863414645195007,0.1529969871044159,0.7008928656578064,2.879512071609497,6.544233798980713,6.695551872253418,132.6910191310027,0.08770447224378586,1.1667786836624146,1.3353426456451416,44.16034698486328,0.40202754735946655,34.15212631225586,0.45062747597694397,33.835609436035156,0.24964368343353271,39.2586784362793,0.4016835391521454,30.83949089050293,0.4490680992603302,30.463106155395508,0.2501804828643799
89,0.6998216509819031,2.1039974689483643,1.9863386154174805,1.9929099082946777,108.89205118403817,0.08695979416370392,0.16430151462554932,0.17052125930786133,0.7009623050689697,3.054534435272217,6.029605865478516,6.273073196411133,134.53426293587034,0.08766865730285645,2.8296315670013428,2.341480016708374,44.16975021362305,0.4020341634750366,34.17893981933594,0.45078951120376587,33.86128616333008,0.24959854781627655,39.282691955566406,0.4016135632991791,30.8637752532959,0.4490901827812195,30.48495864868164,0.2502211034297943
90,0.6998646855354309,2.130772113800049,2.0171284675598145,2.0236637592315674,108.94348533061422,0.08693519979715347,0.1503516286611557,0.14940620958805084,0.7009864449501038,3.5557823181152344,15.310532569885254,16.519319534301758,166.78951655453855,0.08772441744804382,9.138195037841797,8.160565376281738,44.13546371459961,0.4021572768688202,34.13042068481445,0.4506860375404358,33.811702728271484,0.2495964914560318,39.25374221801758,0.4017083942890167,30.83624839782715,0.4491056799888611,30.460229873657227,0.2501815855503082
91,0.6998519897460938,2.2531347274780273,2.1540253162384033,2.1625044345855713,109.34952308469705,0.08695992082357407,0.15624551475048065,0.1538400501012802,0.7009281516075134,2.9438529014587402,8.229839324951172,8.265395164489746,135.62922112646842,0.08770251274108887,1.3600009679794312,0.7633881568908691,44.127933502197266,0.4019976556301117,34.12478256225586,0.4507092535495758,33.80754852294922,0.24965766072273254,39.254146575927734,0.40173712372779846,30.83466911315918,0.4490770697593689,30.45908546447754,0.25016114115715027
92,0.6997929215431213,2.083374261856079,1.9728189706802368,1.9806220531463623,108.82681038060493,0.08695506304502487,0.16730310022830963,0.14567235112190247,0.7010701298713684,2.851428270339966,3.6967990398406982,3.645876169204712,125.61838910884578,0.08766277879476547,0.8114927411079407,0.5472722053527832,44.14616775512695,0.4022371470928192,34.13811492919922,0.45064041018486023,33.81851577758789,0.24967430531978607,39.253116607666016,0.40164726972579956,30.836694717407227,0.4490709900856018,30.460586547851562,0.25015944242477417
93,0.6998136043548584,2.058576822280884,1.8997944593429565,1.906090259552002,108.66413988865717,0.08694769442081451,0.16244812309741974,0.1616690307855606,0.7009980082511902,3.8010504245758057,5.122679233551025,5.428138732910156,131.6610934243512,0.08768521249294281,1.2725474834442139,1.9654563665390015,44.15365219116211,0.40202248096466064,34.145896911621094,0.4507414698600769,33.82496643066406,0.24970822036266327,39.25368881225586,0.40165460109710693,30.83559799194336,0.4490504562854767,30.459566116333008,0.25020289421081543
94,0.6998752355575562,2.088913679122925,1.9075592756271362,1.9137442111968994,108.70715532465658,0.08693672716617584,0.15368930995464325,0.16706810891628265,0.7010038495063782,3.442737340927124,7.331117630004883,7.602855682373047,138.06831726458088,0.08770591765642166,3.121586561203003,2.491919755935669,44.19322204589844,0.4020545482635498,34.18354797363281,0.45080500841140747,33.87345504760742,0.2496403008699417,39.255313873291016,0.40166807174682617,30.83725929260254,0.44914481043815613,30.461021423339844,0.2501865327358246
95,0.6998351812362671,2.048720359802246,1.8980276584625244,1.904921293258667,108.64410679518159,0.08694418519735336,0.16390345990657806,0.1528904139995575,0.7009677290916443,3.0466744899749756,4.4337382316589355,4.674618244171143,130.55848630349342,0.08767866343259811,2.115593910217285,2.2159876823425293,44.13960266113281,0.40213507413864136,34.134368896484375,0.4506451487541199,33.815792083740234,0.24957333505153656,39.28450393676758,0.4016973078250885,30.876466751098633,0.4490598142147064,30.501232147216797,0.25017669796943665
96,0.699819028377533,1.9991400241851807,1.9046592712402344,1.9142239093780518,108.60697971971209,0.08693084865808487,0.15750564634799957,0.1547589749097824,0.700940728187561,3.175800323486328,6.290050506591797,6.818639278411865,138.44374565588353,0.08767538517713547,4.235867023468018,3.847111225128174,44.25250244140625,0.40207019448280334,34.19676971435547,0.45070523023605347,33.8748779296875,0.24961131811141968,39.25701904296875,0.40164145827293396,30.840206146240234,0.4491046667098999,30.464458465576172,0.25016117095947266
97,0.6998428106307983,1.9999483823776245,1.8735638856887817,1.882218599319458,108.52351138379696,0.08693563938140869,0.15923075377941132,0.14418596029281616,0.7009703516960144,3.1363675594329834,11.124995231628418,11.368865013122559,144.08025011426497,0.08769996464252472,2.329383134841919,2.0493478775024414,44.16393280029297,0.40218281745910645,34.14007568359375,0.4506416916847229,33.817298889160156,0.2495735138654709,39.26710510253906,0.40168890357017517,30.85201072692871,0.449081689119339,30.477216720581055,0.25019708275794983
98,0.6998535990715027,1.973139762878418,1.9112473726272583,1.9200527667999268,108.59784303786834,0.08695206791162491,0.15666769444942474,0.16164259612560272,0.7009888887405396,3.4981675148010254,9.821547508239746,10.16979694366455,154.52704406194468,0.08772691339254379,8.86133098602295,8.071319580078125,44.1400146484375,0.40210726857185364,34.13002014160156,0.45070725679397583,33.80971908569336,0.24968338012695312,39.26390075683594,0.40167683362960815,30.844087600708008,0.44910988211631775,30.466995239257812,0.25017476081848145
99,0.6998549103736877,1.9542553424835205,1.9188748598098755,1.9301221370697021,108.57999555753997,0.08693122118711472,0.15032562613487244,0.1510877162218094,0.7009338736534119,3.0072038173675537,6.059367656707764,6.095876216888428,135.55399232300573,0.08769352734088898,3.208029270172119,3.1043787002563477,44.144657135009766,0.4021199345588684,34.137359619140625,0.4506801664829254,33.819034576416016,0.24955877661705017,39.2598762512207,0.40174734592437744,30.83970832824707,0.4490686058998108,30.462825775146484,0.25014641880989075